# x, sbar, sbar_err, ubar, ubar_err, dbar, dbar_err, gluon, gluon_err, d, d_err, u_err, s, s_err, c, c_err
1.000000000000000048e-04 4.359400748127145730e-01 1.987885495391763235e-01 5.067987518397338853e-01 5.124127680190377482e-02 4.977631335721693362e-01 7.810041648432516914e-02 1.436073027852281747e+00 1.410829786450314760e+00 5.091772816222682740e-01 7.916555467649237510e-02 5.219220537334201548e-01 5.101195446701856789e-02 4.334959492027843364e-01 1.985667276252919278e-01 4.771872799509512659e-04 4.466875115423658144e-02
1.151395399326446927e-04 4.263410681293022808e-01 1.913370155673360107e-01 4.995934197801784049e-01 4.795290366933818715e-02 4.897914260669028463e-01 7.271489693667942955e-02 1.364958626022871213e+00 1.322403944448146795e+00 5.018496698598922112e-01 7.379750037070245683e-02 5.156526241489136630e-01 4.776331717737190841e-02 4.238576148114755471e-01 1.911808403566152004e-01 1.818340220980690664e-03 3.706292112553351975e-02
1.325711365590109543e-04 4.170261674659069828e-01 1.839806288398284639e-01 4.927370133474432978e-01 4.507664891223533282e-02 4.818250884600102091e-01 6.777349807741993304e-02 1.308744557998403835e+00 1.246856327363375705e+00 4.945745340463617024e-01 6.888929949600661184e-02 5.098046427678676329e-01 4.494062937806012764e-02 4.145047586436171883e-01 1.838948897105848468e-01 2.466762124912417597e-03 3.203622901132840983e-02
1.526417967175233259e-04 4.079103672573080597e-01 1.768110859473048524e-01 4.858450664184125745e-01 4.254037186435637163e-02 4.740383797424769230e-01 6.342673165958724601e-02 1.266716265313918344e+00 1.181035820270940784e+00 4.875228187938407398e-01 6.458393136495986508e-02 5.039964919810068222e-01 4.246806411747052618e-02 4.053556376060338251e-01 1.767980206356746520e-01 2.827670534293055121e-03 2.889565926110801777e-02
1.757510624854791170e-04 3.989833988918851659e-01 1.698059977928489950e-01 4.788827893399035807e-01 4.020147293170975994e-02 4.664499299129633569e-01 5.958300262045144319e-02 1.238632415751813820e+00 1.124100495485785611e+00 4.807121237531004621e-01 6.079249135535101656e-02 4.981942223092373778e-01 4.019966515326047624e-02 3.964004300138998516e-01 1.698647869879708616e-01 2.947214288367163131e-03 2.700067069083167404e-02
2.023589647725157589e-04 3.901775769615442591e-01 1.629018428118806927e-01 4.718756719793233967e-01 3.799634611606899498e-02 4.589833118062938144e-01 5.604760528664341074e-02 1.223304323506445579e+00 1.082280689395135109e+00 4.740567012227721588e-01 5.729601026658712876e-02 4.924262174091713629e-01 3.804123406478818192e-02 3.875721383588853208e-01 1.630343734164645675e-01 3.052610477871958456e-03 2.440384034941695673e-02
2.329951810515371805e-04 3.814881822735329275e-01 1.561248996030261682e-01 4.648523336635698722e-01 3.601891928895885331e-02 4.516512086844224894e-01 5.285850028384469351e-02 1.221403075342442968e+00 1.049932598530862737e+00 4.675685849901001223e-01 5.413459078459310209e-02 4.867224007181961132e-01 3.608221262589485223e-02 3.788666383060967924e-01 1.563327196355623061e-01 3.117513843622057336e-03 2.174955990188290680e-02
2.682695795279724476e-04 3.728874063226307323e-01 1.494951786652647108e-01 4.578730531130874581e-01 3.439870700737103493e-02 4.444716150280402234e-01 5.005113323466332115e-02 1.234246661261282352e+00 1.018495848476023369e+00 4.612534206700789619e-01 5.135397279780620772e-02 4.811526626320515310e-01 3.443978609923611933e-02 3.702574150638528461e-01 1.497847302764466759e-01 3.134215535360041112e-03 1.983590954110798013e-02
3.088843596477481527e-04 3.643940902333109855e-01 1.430365028767308644e-01 4.509348043934499062e-01 3.301679292827554291e-02 4.374296106689383179e-01 4.751499987622998661e-02 1.261118092261666934e+00 9.820269772796574870e-01 4.551329586012081152e-01 4.883349679151714751e-02 4.756877643230396635e-01 3.300710437515452095e-02 3.617642671056362502e-01 1.434031646642546509e-01 3.108510186971783201e-03 1.843304530230594276e-02
3.556480306223128661e-04 3.560413771259096083e-01 1.367574631842753130e-01 4.440443199611848746e-01 3.178894497967885840e-02 4.305128304070620082e-01 4.516611473293721812e-02 1.301809107355178963e+00 9.380345387151233227e-01 4.492183834155272226e-01 4.648953727875566183e-02 4.703099872413792903e-01 3.170528946213140714e-02 3.534242986252951746e-01 1.371890307789533359e-01 3.023972057787322441e-03 1.732841804521743564e-02
4.094915062380427508e-04 3.476043489585864399e-01 1.306086145635859119e-01 4.372159690320540082e-01 3.058986105112534645e-02 4.237739583871108495e-01 4.285237155467760961e-02 1.355955018492741582e+00 8.893711185159632882e-01 4.435463283610689422e-01 4.414711339476462548e-02 4.650958587561209168e-01 3.042161068281441436e-02 3.449926826582891959e-01 1.310799525596098580e-01 3.043138879934016629e-03 1.627720442866734465e-02
4.714866363457394672e-04 3.390833484060716274e-01 1.246341772413884219e-01 4.304417162115531936e-01 2.939630240460333957e-02 4.172076762073279599e-01 4.055782349676291532e-02 1.423415028768741042e+00 8.375259875883908078e-01 4.381122926006365548e-01 4.178657065441718221e-02 4.600498690970135085e-01 2.914079159274975475e-02 3.364638927917863453e-01 1.251134679489486479e-01 3.176803505688025921e-03 1.522855575697592070e-02
5.428675439323859403e-04 3.310064090909531909e-01 1.188128074121952704e-01 4.235560691175858095e-01 2.824861352376353829e-02 4.106175929241103195e-01 3.853459947025952848e-02 1.503558397812429392e+00 7.741246897837354979e-01 4.327514991049956072e-01 3.965839961475201708e-02 4.550766233860727983e-01 2.793687468529989018e-02 3.283071634759229251e-01 1.192749602361101585e-01 3.214280654292239661e-03 1.433600049985816506e-02
6.250551925273975734e-04 3.233268014634110288e-01 1.131119239340316190e-01 4.165560188431848831e-01 2.712931263009265431e-02 4.039952193395663360e-01 3.673162142786890599e-02 1.594760490544748555e+00 7.053377733669865535e-01 4.274598897417202226e-01 3.771296466707743655e-02 4.501747255024930450e-01 2.679996196874918565e-02 3.205020432234118588e-01 1.135314699465588134e-01 3.186202103583900963e-03 1.352023672181688896e-02
7.196856730011521675e-04 3.161152090441567419e-01 1.073667209507341569e-01 4.093704541562542265e-01 2.601307584834669853e-02 3.972398612033011811e-01 3.511947011322449214e-02 1.694368883930322145e+00 6.381482642538304217e-01 4.221620454240913034e-01 3.594536996178232524e-02 4.452759085470045508e-01 2.567988106450463243e-02 3.131504425741581388e-01 1.077369567521612864e-01 3.129400663453002669e-03 1.285758059388748993e-02
8.286427728546842068e-04 3.090556455659053681e-01 1.017277303708125358e-01 4.021308068564666827e-01 2.490003288148680619e-02 3.905310954681409652e-01 3.360772184839522225e-02 1.797933073006341420e+00 5.770645929332395285e-01 4.169988188584659028e-01 3.423150841652428111e-02 4.405721796225224307e-01 2.469367976882737292e-02 3.060012390836035490e-01 1.020268800033494461e-01 3.023715050751502129e-03 1.236620870336154962e-02
9.540954763499943534e-04 3.018924829653984454e-01 9.627137539323034343e-02 3.949320874227529310e-01 2.375793053299492252e-02 3.840051566784694059e-01 3.207856965415820105e-02 1.902288016649845925e+00 5.213202772176038780e-01 4.120674757458040460e-01 3.243556600354317865e-02 4.362095698706958125e-01 2.393324654235414600e-02 2.988487562891620208e-01 9.646475695172382347e-02 2.863986934536231176e-03 1.200375530074271162e-02
1.098541141987558400e-03 2.949814891347372070e-01 9.111202107180126075e-02 3.876658208515135762e-01 2.273863236954239489e-02 3.774637287291905396e-01 3.068024736782619041e-02 2.004993449735332334e+00 4.718001852409516306e-01 4.072839513592570460e-01 3.080408359331427912e-02 4.320237595946461173e-01 2.328298197692286325e-02 2.920499587635345118e-01 9.115721062355193471e-02 2.608512927627794353e-03 1.165781242342290788e-02
1.264855216855295715e-03 2.883621649240054596e-01 8.618432266431293176e-02 3.803179703192489658e-01 2.180199442874538110e-02 3.708815867359183116e-01 2.937013980538640337e-02 2.105514952847052701e+00 4.273401137522174764e-01 4.026388726257003059e-01 2.932485474076973464e-02 4.279933994511625484e-01 2.263887670833293272e-02 2.856447475035078232e-01 8.603716075238512784e-02 2.260200393447976425e-03 1.143762585599649752e-02
1.456348477501244378e-03 2.818623503211090120e-01 8.138074355440537422e-02 3.728700516603166148e-01 2.083130815800366548e-02 3.642851330761421313e-01 2.806106942966916581e-02 2.204919381213297669e+00 3.857407874870817932e-01 3.981405045371430584e-01 2.790190649596348271e-02 4.240851480967033349e-01 2.183124754535667802e-02 2.794212376523975139e-01 8.102561264749053027e-02 2.052052930715449110e-03 1.125817308231638267e-02
1.676832936811008387e-03 2.755290569891833963e-01 7.665654358959549108e-02 3.653328801164484330e-01 1.984986194940741369e-02 3.576699791997364763e-01 2.676638787861576260e-02 2.302838545246236102e+00 3.527675463927992805e-01 3.937524651255330244e-01 2.650990408800484033e-02 4.203183109884729984e-01 2.091360557641431042e-02 2.733949584599569271e-01 7.609987736375099787e-02 1.944492949505573264e-03 1.105709269852305811e-02
1.930697728883249645e-03 2.694760312761637633e-01 7.190122099966855806e-02 3.577266652609021325e-01 1.893543106841875240e-02 3.510143161330681605e-01 2.551591444335393061e-02 2.401250317650158284e+00 3.292460342654914274e-01 3.893590161203007161e-01 2.504898658759189753e-02 4.167243612114405749e-01 2.000767031130366511e-02 2.676079999827670752e-01 7.120800384144629347e-02 1.888634556353082890e-03 1.093120532863201856e-02
2.222996482526195736e-03 2.636134606816340487e-01 6.721359564420303911e-02 3.500545204250677389e-01 1.816502103213700134e-02 3.443661010693954694e-01 2.437197992755635312e-02 2.489413722921670402e+00 3.241005711624331820e-01 3.850631744616042074e-01 2.362833168365734149e-02 4.133310437787030001e-01 1.916177200614344739e-02 2.619194359849002507e-01 6.650009450390369226e-02 1.858276404864667901e-03 1.093231148007235698e-02
2.559547922699535825e-03 2.579534690804048958e-01 6.248329341293380051e-02 3.422895344603841816e-01 1.752460980624959835e-02 3.377298891318412100e-01 2.332275132216285810e-02 2.558364682243282839e+00 3.028155002281870400e-01 3.809007913054734407e-01 2.221850257195836717e-02 4.101407331471613738e-01 1.832704844274586978e-02 2.562519870192030425e-01 6.197608475348287405e-02 1.834050887332147476e-03 1.101258754228779876e-02
2.947051702551809708e-03 2.520957774373272509e-01 5.819092905722163256e-02 3.346403534437092375e-01 1.714101322852151776e-02 3.312850281250212525e-01 2.237173918645971038e-02 2.616224206212616199e+00 2.820170227437128752e-01 3.770080965357998637e-01 2.101143674643660142e-02 4.072887576391579501e-01 1.766551193789412180e-02 2.504667428346106228e-01 5.785306983993866725e-02 1.773970499593100327e-03 1.100275325501359064e-02
3.393221771895329857e-03 2.459663977477073438e-01 5.433592729053100812e-02 3.271459822660970351e-01 1.700250379916794230e-02 3.250662189854978124e-01 2.149372361441809556e-02 2.664071453832157932e+00 2.591501164691561443e-01 3.734165662115483397e-01 2.000461792202202008e-02 4.048090913623783593e-01 1.716012524618305488e-02 2.445305648814212196e-01 5.410262490864738844e-02 1.667103097554767724e-03 1.088759712278922730e-02
3.906939937054616958e-03 2.396098223329148902e-01 5.075408600889605437e-02 3.198414013139214696e-01 1.695117104665720340e-02 3.190892761415642376e-01 2.076193916247714641e-02 2.703361738998359520e+00 2.348943198277512467e-01 3.702388651748966808e-01 1.924589640809319657e-02 4.029522091222026980e-01 1.667415005121403518e-02 2.383681087910252960e-01 5.068168917302826731e-02 1.441326600843493818e-03 1.055597269877925869e-02
4.498432668969444201e-03 2.330356550519976366e-01 4.749361865521156689e-02 3.127044316570278260e-01 1.697013496161331458e-02 3.133376104711430021e-01 2.016763699123386502e-02 2.734359509219411066e+00 2.093647295324295721e-01 3.674707962435030395e-01 1.872754861115825606e-02 4.017348062287342536e-01 1.628672313083027665e-02 2.319892979753051809e-01 4.762834954084661787e-02 1.133111800174120770e-03 1.015497735159922622e-02
5.179474679231212825e-03 2.261992452913900997e-01 4.469904042425093538e-02 3.057224582102559540e-01 1.699590908043196319e-02 3.077876841714057288e-01 1.964276505625673491e-02 2.758211866006374358e+00 1.861954455819890830e-01 3.651543709566169027e-01 1.849667385424182131e-02 4.012688743826219318e-01 1.612393769379286482e-02 2.253572360047917666e-01 4.509760886385179995e-02 8.250997013554856605e-04 9.834742368672041296e-03
5.963623316594642357e-03 2.193720440093568091e-01 4.244322405118441249e-02 2.987580358603271202e-01 1.698350646721998730e-02 3.023850411522735482e-01 1.912493425027323238e-02 2.774504985860168027e+00 1.666400687266494929e-01 3.631644660679942405e-01 1.852313426204290139e-02 4.014596669927691375e-01 1.621016685026222329e-02 2.186547410285782922e-01 4.304180834075880396e-02 5.225783031542964759e-04 9.682118808705394292e-03
6.866488450042998112e-03 2.127988271088606664e-01 4.056046583103654207e-02 2.917574658603277471e-01 1.688573868707861358e-02 2.971156431504373696e-01 1.857903113620404389e-02 2.783256351062659117e+00 1.509792672160396587e-01 3.613697329632591937e-01 1.884686786303893524e-02 4.022067458018352970e-01 1.660651255706058552e-02 2.120180754373788279e-01 4.112959981213454297e-02 2.196620091422193694e-04 9.777670084628438396e-03
7.906043210907700777e-03 2.062948695020566103e-01 3.893139873447144794e-02 2.843368593211069162e-01 1.681345663014428837e-02 2.917553589185331031e-01 1.817519040433353966e-02 2.783431601575428349e+00 1.393981853977233343e-01 3.599985884698498895e-01 1.894759135143099169e-02 4.037796719303393678e-01 1.682389308193954491e-02 2.054952024599659421e-01 3.910274097315720454e-02 6.465371477996794032e-05 9.853363264021901963e-03
9.102981779915217050e-03 1.998294352173794475e-01 3.744799359483667184e-02 2.764183690813027394e-01 1.677240352800162676e-02 2.862609959838960383e-01 1.792292441671521422e-02 2.774862150044652420e+00 1.356247879444966997e-01 3.590937855869292261e-01 1.862420008020821555e-02 4.062313348717502270e-01 1.671433878925073641e-02 1.990979065002917991e-01 3.675241025220313956e-02 8.806910328906385243e-05 9.974851248186328984e-03
1.048113134154685273e-02 1.929990618163023031e-01 3.643870103169093849e-02 2.683957146694470608e-01 1.664968342317060812e-02 2.809670602390422212e-01 1.787058971232344598e-02 2.760566329600861124e+00 1.342862511369074530e-01 3.587383657692194139e-01 1.838933416076928354e-02 4.096021530050364401e-01 1.663100415935659868e-02 1.924158112315855207e-01 3.468116330602197955e-02 3.171482432817176946e-04 1.000187217802858686e-02
1.206792640639328847e-02 1.857823488444939330e-01 3.559963440242130267e-02 2.603813085542192596e-01 1.648241924539920605e-02 2.758555230217916154e-01 1.790916202300373711e-02 2.740601584470428342e+00 1.316902676015173357e-01 3.590838675258292145e-01 1.810842150202576772e-02 4.140619207912534239e-01 1.651829798795584683e-02 1.854170135496832628e-01 3.269045155994187296e-02 5.799295896592430609e-04 1.005157150581206978e-02
1.389495494373137359e-02 1.780541360478212765e-01 3.418318317891592961e-02 2.528516493048304503e-01 1.631167130656915876e-02 2.709820307109060966e-01 1.766941644182267596e-02 2.715933591822299764e+00 1.253457936888159319e-01 3.605971263979507735e-01 1.727846413265952605e-02 4.201333205693014716e-01 1.610501627869928912e-02 1.779396448739730130e-01 3.013666345014757303e-02 3.114822970866319577e-04 9.469191425773485979e-03
1.599858719606057217e-02 1.698249555356744211e-01 3.250968300796492488e-02 2.454412035363491285e-01 1.608279935248101838e-02 2.661163936336272684e-01 1.741988443036600678e-02 2.685154192466012724e+00 1.193572415535045228e-01 3.632358100335745243e-01 1.646851468942652982e-02 4.277409593992672066e-01 1.569103380335565637e-02 1.700298343264547984e-01 2.748746995937121143e-02 -2.264305198037682104e-04 9.082497617484723215e-03
1.842069969326716461e-02 1.610570359923058636e-01 3.039032632467758566e-02 2.380342023676943197e-01 1.566678731000011385e-02 2.611811869294395350e-01 1.710607115617579499e-02 2.647431992894222486e+00 1.132596856420066828e-01 3.670854593027473856e-01 1.607590996233181080e-02 4.369087494880640743e-01 1.536555653489372723e-02 1.617482273608176757e-01 2.480963428505272503e-02 -1.020431403216439433e-03 9.187923955103375478e-03
2.120950887920190417e-02 1.518615801512106234e-01 2.851356379929024729e-02 2.299729449463003006e-01 1.501825368846311515e-02 2.555368732162919265e-01 1.657233886734713058e-02 2.601477236862831166e+00 1.124669224631803938e-01 3.719259437208161101e-01 1.564933722400820362e-02 4.476547574949510389e-01 1.490362048316696587e-02 1.527655975149912471e-01 2.251480516241462573e-02 -1.382474356128247841e-03 9.261527156274053027e-03
2.442053094548649744e-02 1.422628656093470334e-01 2.672138258560976393e-02 2.210942033683580832e-01 1.410535612737032901e-02 2.490270984602411253e-01 1.578683478115504302e-02 2.546935186302070164e+00 1.199475922069823675e-01 3.777111457805737982e-01 1.493452592184791455e-02 4.599853897925060275e-01 1.418829428266056916e-02 1.430092730401066048e-01 2.051737691353020324e-02 -1.150576870301327909e-03 9.034459173341608321e-03
2.811768697974230749e-02 1.325966902854770202e-01 2.419066178086920135e-02 2.113806832062746222e-01 1.327302080709340769e-02 2.416736238336177067e-01 1.513508588606382946e-02 2.486491029640843564e+00 1.260482655459385648e-01 3.844916535152652637e-01 1.415730696398895955e-02 4.741084058178651195e-01 1.354392051007238286e-02 1.329829132227545729e-01 1.894068229293656078e-02 -1.032976855239365775e-03 8.971264702893081908e-03
3.237457542817643447e-02 1.226953390865770377e-01 2.135648359231674676e-02 2.010104550722290884e-01 1.261859926544734757e-02 2.336302337086081371e-01 1.457823056471699123e-02 2.421072694716483120e+00 1.342529033015319173e-01 3.921073994677974905e-01 1.351712821358325330e-02 4.899005321819326908e-01 1.290842663219851465e-02 1.226335392398657242e-01 1.780633964952213835e-02 -9.397997804967595133e-04 8.692935882434730047e-03
3.727593720314938130e-02 1.120166449021556820e-01 1.871430554139774660e-02 1.904795563403108294e-01 1.179723723220513047e-02 2.253461563862200756e-01 1.381300800673037656e-02 2.356120187280772438e+00 1.228918399554665974e-01 4.001482596222533661e-01 1.301846949084805444e-02 5.069998482498023762e-01 1.223665176148918537e-02 1.118337544520869309e-01 1.742496501493928651e-02 -6.408239344426302619e-04 8.302376456809017896e-03
4.291934260128778267e-02 1.007320291741168883e-01 1.618129800655810843e-02 1.800051960086379299e-01 1.117067281878077190e-02 2.169470333902376313e-01 1.310875260072509770e-02 2.283609481004460040e+00 1.135313148672207062e-01 4.082787446409962273e-01 1.250681217077120357e-02 5.254022328108304274e-01 1.153658362340799666e-02 1.006137501380840876e-01 1.708848748546625690e-02 -2.031920197723968160e-04 7.844334085768400744e-03
4.941713361323833015e-02 8.855959678191771545e-02 1.391047855067414733e-02 1.700304443698350820e-01 1.063802221441497581e-02 2.088010736240945575e-01 1.246416106426008474e-02 2.197861404801443985e+00 1.111765296966798489e-01 4.163302650034106378e-01 1.184699784968673390e-02 5.452891843405023309e-01 1.073810634562078620e-02 8.848080759273516116e-02 1.518087118396405089e-02 4.249763802498653185e-04 7.364352586745040799e-03
5.689866029018292998e-02 7.740990494068301919e-02 1.356214418262123057e-02 1.597419766487830906e-01 1.031983192120517964e-02 1.999430023240398313e-01 1.227875402144131683e-02 2.094792655510467227e+00 1.086382056511527999e-01 4.230950094590615329e-01 1.194891530270234675e-02 5.652524514330429239e-01 1.069619278512902623e-02 7.822897666014630436e-02 1.450581755983846276e-02 8.179929001365560289e-04 7.394913792027984351e-03
6.551285568595509312e-02 6.776467100239043362e-02 1.241703192380030039e-02 1.489636232349209610e-01 9.891661300973571963e-03 1.901399864339190227e-01 1.211447935305698040e-02 1.972943483478049043e+00 1.016059983620012930e-01 4.282442244594691916e-01 1.200795544004866315e-02 5.849306960399397459e-01 1.094597870566028225e-02 7.055984249994165514e-02 1.343127930189879152e-02 8.679142277583295692e-04 7.961905998400102200e-03
7.543120063354614990e-02 5.936116293375629654e-02 1.110733886363024503e-02 1.374355097109261348e-01 9.391002422146497303e-03 1.802463663355282075e-01 1.157107748380932673e-02 1.828797090456429908e+00 8.228479680656052009e-02 4.318306707906224839e-01 1.167129204486152746e-02 6.049652784666068595e-01 1.040855047432872119e-02 6.490824147842133574e-02 1.222417605341719060e-02 4.595161650498316946e-04 7.522894907303059528e-03
8.685113737513520948e-02 5.211013391628055436e-02 1.007901197854379170e-02 1.250806193599857952e-01 8.847999729440413075e-03 1.699144804931874420e-01 1.113297332290572386e-02 1.665052707183172664e+00 7.019163919958561204e-02 4.338128774948742938e-01 1.137921200278562035e-02 6.252059430678251761e-01 9.753369968095629283e-03 6.099509414279424141e-02 1.155958762644083981e-02 -2.585230646771669201e-05 6.652083723850451408e-03
1.000000000000000056e-01 4.602117399999999803e-02 9.779521697310451789e-03 1.111706400000000011e-01 8.179965169869038086e-03 1.573932000000000109e-01 1.014231559246146948e-02 1.486650900000000108e+00 6.906649307998630194e-02 4.333629500000000245e-01 1.142205927296057952e-02 6.450658200000000120e-01 9.793002637796645662e-03 5.811938900000000047e-02 1.135948457677850472e-02 1.195304199999999966e-03 6.037528197315490675e-03
1.163265306122449050e-01 3.942477395804350887e-02 8.597488598936026127e-03 9.631597337328927366e-02 6.965397550310508876e-03 1.433649249121687341e-01 8.481243317234056153e-03 1.278363607352488662e+00 5.851715503791719841e-02 4.319854048377612665e-01 1.186810995140672592e-02 6.681633787721220630e-01 1.017643806531060534e-02 5.498144450814458628e-02 9.629446721598575870e-03 1.010899534971207306e-03 5.145507231446976720e-03
1.326530612244898044e-01 3.328912908047675090e-02 7.353330218090444077e-03 8.338664560359232425e-02 6.118297067600263900e-03 1.295400522962832646e-01 7.243514263008420107e-03 1.093272570071426530e+00 6.495189916810374664e-02 4.282018388324707603e-01 1.185308202596499320e-02 6.874414050327382064e-01 1.051611966882545074e-02 5.135997732852693592e-02 9.225240289123470827e-03 1.097352653894629422e-03 5.055917088070817182e-03
1.489795918367347038e-01 2.863095571284317298e-02 6.665202107333106224e-03 7.203485493994034317e-02 5.551827385416897680e-03 1.152544742232293196e-01 6.067835425351424811e-03 9.445472028682869725e-01 6.800362366808562764e-02 4.218097916223478294e-01 1.164441685487899864e-02 7.024060766836944802e-01 1.091152213637827662e-02 4.723050215813651143e-02 8.846513143861974710e-03 1.678606730492365837e-03 5.179296401225694929e-03
1.653061224489796033e-01 2.483575627569225078e-02 5.995471224548147050e-03 6.209452577759019820e-02 4.962987139647203824e-03 1.011855789151688834e-01 5.985629346896574957e-03 8.244352867442255040e-01 6.036562576446031364e-02 4.121920075337880407e-01 1.152898116787217167e-02 7.139294147955075331e-01 1.133628869175182935e-02 4.311203853746148340e-02 8.441498819331736542e-03 2.284077980409629591e-03 5.150763234594859206e-03
1.816326530612245027e-01 2.170692908957032666e-02 5.655695672266800901e-03 5.371508942069232184e-02 4.543103177953506690e-03 8.715178587795263665e-02 6.048640095465555692e-03 7.266001875331934423e-01 4.804631794363146274e-02 4.011729322850488000e-01 1.199592104148921971e-02 7.207131843689202899e-01 1.230426517053745221e-02 3.894380473376195945e-02 8.655830837138740047e-03 2.610410238272599208e-03 4.943903025434586221e-03
1.979591836734694021e-01 1.898480791532573819e-02 4.434780959100406011e-03 4.624481991229831279e-02 4.206659232929604170e-03 7.458677501164867607e-02 5.813092362005962271e-03 6.460934389251358212e-01 5.956328597727415797e-02 3.881920050023857649e-01 1.235297173645639665e-02 7.223708121538943150e-01 1.250032090847500062e-02 3.486831510158874825e-02 8.877602058789275594e-03 2.967414949183228793e-03 4.904595754975780986e-03
2.142857142857143016e-01 1.695823321591360261e-02 3.469831512302461781e-03 4.009459034116432535e-02 3.987682791304650483e-03 6.249873547602553120e-02 5.934263570124668347e-03 5.754064633997411082e-01 5.481677133626022824e-02 3.746110031864225420e-01 1.231830164869357133e-02 7.189764487567673612e-01 1.251781872499279843e-02 3.069355929448877585e-02 9.246090313310376119e-03 3.265868387940330363e-03 4.908035171917084563e-03
2.306122448979592010e-01 1.548757243205519177e-02 3.091673368091698692e-03 3.440335061992415289e-02 3.727169143264499451e-03 5.181022996671015568e-02 6.203143677695365475e-03 5.137991377127972825e-01 5.361156055870076875e-02 3.599051318315605874e-01 1.184557152524235400e-02 7.117412524307588084e-01 1.229772223944200320e-02 2.650617824238633846e-02 9.284838420715521567e-03 3.536738512125343209e-03 4.936859069713762579e-03
2.469387755102041004e-01 1.433010380039563374e-02 3.566130690184089388e-03 2.969381220895894735e-02 3.816188278520973951e-03 4.197209834064773853e-02 6.324876696238434202e-03 4.552507567815178291e-01 5.065601192147932419e-02 3.440020547264790451e-01 1.121825444520186364e-02 7.013582295319235049e-01 1.194003310693880424e-02 2.240256390271565257e-02 8.949419548762920645e-03 3.837899969176820913e-03 4.971917106999092055e-03
2.632653061224490276e-01 1.324416138142683191e-02 4.509383362223045449e-03 2.561524157497386753e-02 3.639102757811946837e-03 3.334547108629661721e-02 6.389725451675682712e-03 3.996382053409509028e-01 4.755273215299854472e-02 3.271252872232493503e-01 1.065073119380046708e-02 6.881045284550147967e-01 1.155866526993589057e-02 1.859721874914666007e-02 8.246200233160297030e-03 4.111820182104665954e-03 4.998624135573791899e-03
2.795918367346938993e-01 1.225172070807768916e-02 5.634363331159562317e-03 2.208906558513888674e-02 3.630724365966011072e-03 2.572917981391273021e-02 6.174116090313300567e-03 3.411444192178936241e-01 4.570775803372454510e-02 3.102239205264454847e-01 1.025899698482179469e-02 6.714215205856344237e-01 1.105528830905571497e-02 1.529095779162716572e-02 7.193589407121427949e-03 4.361592170167226737e-03 5.058001219672858366e-03
2.959183673469387710e-01 1.124413457635646540e-02 6.411421240065154868e-03 1.853378533508788159e-02 3.323430862555169698e-03 1.979955870424673567e-02 6.280524682915253863e-03 2.941440729953202493e-01 5.179924323811337800e-02 2.924400641576166415e-01 9.842133598727825436e-03 6.526424526523527669e-01 1.089458089702714447e-02 1.223344377289717171e-02 6.144280702266012063e-03 4.677260234324302941e-03 4.992584070232586671e-03
3.122448979591836982e-01 1.079021243743692043e-02 6.632527583782697571e-03 1.517791038369432736e-02 3.473349017361928009e-03 1.449152434907221426e-02 6.331541371998266818e-03 2.601290037822677204e-01 4.622670247373922986e-02 2.746771419636072631e-01 1.037543665308320734e-02 6.316226608424150291e-01 1.077018659836364786e-02 9.472423507792282829e-03 5.434167994449804785e-03 4.969434566622568314e-03 5.018129402137327423e-03
3.285714285714286254e-01 1.010737878689214712e-02 6.779166903760069050e-03 1.355770075092034913e-02 5.142614075637582348e-03 8.989087468730809147e-03 7.595376940382754342e-03 2.302641998343407104e-01 4.244869960571524825e-02 2.579208516735705392e-01 1.132196327225507872e-02 6.077500186539003257e-01 1.116952747323463405e-02 7.527646548402747509e-03 4.690624602008485605e-03 4.972232371569194724e-03 4.961915159579504894e-03
3.448979591836734970e-01 8.811830531947489192e-03 6.611065661575015427e-03 1.094030944405336402e-02 3.876749683563606840e-03 6.216513476467545873e-03 5.946630908343609155e-03 2.048947603867307399e-01 3.692175416096520058e-02 2.392713041855997202e-01 9.706181968344242822e-03 5.836326619162366391e-01 1.101364075145081986e-02 6.513274540608479310e-03 3.949206138181179417e-03 4.986885046894676439e-03 4.867251829657326737e-03
3.612244897959183687e-01 6.825401095665947424e-03 6.015622156291653214e-03 8.592487438390646048e-03 4.986458385358475201e-03 4.643358758758497212e-03 7.666704564216820714e-03 1.820567154916601094e-01 3.491710247794299615e-02 2.200942895644345532e-01 1.088058989779359248e-02 5.581722686890733254e-01 1.089771491601521959e-02 6.324699667870168490e-03 3.825037709656281537e-03 5.194980618384773159e-03 4.671733073712271492e-03
3.775510204081632404e-01 4.622927028232834239e-03 5.555000630649990605e-03 7.006103884160290625e-03 4.558050434345648980e-03 4.026478403530274301e-03 8.802408761178621283e-03 1.654109241587360668e-01 2.958093259719593235e-02 2.015352169703905072e-01 1.147618085254958030e-02 5.309647906816499230e-01 1.029080153886721520e-02 6.653667513086839770e-03 5.290996518088139297e-03 5.112247513943503525e-03 4.533700952241386320e-03
3.938775510204082231e-01 3.224999414965747189e-03 5.629233313847112341e-03 5.636815763899808741e-03 5.167788915004078130e-03 4.184595912678558752e-03 1.027649072980537683e-02 1.480349508988084706e-01 2.827395372375652097e-02 1.834778690223543285e-01 1.243506896536910114e-02 5.026172192427382779e-01 9.833385791748083804e-03 6.681477882536569768e-03 6.106976428266843067e-03 4.843877522511543486e-03 4.354338837886682044e-03
4.102040816326530948e-01 2.398997430438228398e-03 5.497597477770171416e-03 5.104961177614576566e-03 3.623114640176146664e-03 3.847370634377959581e-03 9.857259957830802680e-03 1.325798271673375717e-01 2.828630531659322850e-02 1.665215033712220405e-01 1.196507375293896780e-02 4.729472143835790066e-01 8.930840437713421717e-03 6.632437655444375565e-03 5.646533706492752776e-03 4.581162311501288040e-03 4.183485454464925569e-03
4.265306122448979664e-01 1.692190277964546229e-03 5.335104021406694361e-03 4.283378024890269545e-03 4.788897464910948573e-03 3.545439000884104044e-03 1.092082872314948001e-02 1.182493409930097245e-01 2.916021507299379825e-02 1.500708105276261917e-01 1.252551497739448627e-02 4.424769600331791564e-01 9.367904277973288299e-03 7.260241880531962191e-03 5.627655291587668578e-03 4.575902333115733529e-03 4.080267829835968439e-03
4.428571428571428381e-01 4.148649701266470154e-04 5.113805095634805543e-03 2.771418381560752930e-03 6.357959201349411803e-03 4.286382242885526835e-03 1.387159887015452196e-02 1.066391781871470490e-01 2.847724416602226416e-02 1.335042960430444514e-01 1.520917078076000975e-02 4.126698332598315866e-01 1.059838981925867105e-02 8.237569708429254636e-03 6.039312886020845907e-03 4.699505512860680662e-03 4.310263817980366542e-03
4.591836734693878208e-01 -1.304228855688523885e-03 5.470247749666199907e-03 4.239601722136225777e-03 5.808362884320261189e-03 2.590113200612944883e-03 1.462556815161407398e-02 1.011350726109566528e-01 3.463682731939739246e-02 1.207215482096496983e-01 1.590959814892967464e-02 3.809692818739471298e-01 1.056008118753932676e-02 9.256739924858644469e-03 6.591637446377524370e-03 4.411877109285056511e-03 4.028341424745536872e-03
4.755102040816326925e-01 -2.704550331251799004e-03 6.117853355337987686e-03 4.144939763097098794e-03 6.157426353526132545e-03 2.280409685916162145e-03 1.495259847782390815e-02 9.174674898459940497e-02 3.317719061506606976e-02 1.080260917482173538e-01 1.553631936069132559e-02 3.512845707804219120e-01 1.082288870256591616e-02 9.983724737793020498e-03 7.020314509780686135e-03 3.912002421612906407e-03 3.990957946643638315e-03
4.918367346938775642e-01 -3.535521323528168034e-03 6.489852248896367873e-03 2.599970243847376378e-03 5.548935444868298081e-03 2.808998904941583091e-03 1.473662895226150044e-02 8.739403248853304385e-02 3.458909252220616903e-02 9.472548541323846938e-02 1.519063342865388695e-02 3.239722561384902888e-01 1.024387162143642650e-02 1.052513329328826422e-02 7.082609771856901437e-03 3.508374796053288693e-03 3.946269400029071145e-03
5.081632653061224358e-01 -3.773172936203268539e-03 6.637549040490199267e-03 -2.516103480873571000e-04 6.572923314060078771e-03 3.953622982447484863e-03 1.573471739266091296e-02 7.986314864670505942e-02 3.453373395965902981e-02 8.094667899419712154e-02 1.582852538281763824e-02 2.987031131287182784e-01 1.045563517738316676e-02 1.103534588189305880e-02 6.889468087760076270e-03 3.299279920697378594e-03 3.769594688649386023e-03
5.244897959183674185e-01 -3.936045802592954765e-03 6.697487600261068513e-03 -1.639720875129115768e-03 6.037240612839354058e-03 3.407874012965536603e-03 1.553999947376006815e-02 7.216510147179601431e-02 2.968070892373265643e-02 6.941026401027031167e-02 1.521944184007802646e-02 2.729564461704206968e-01 1.074585510624960147e-02 1.101060982716685691e-02 6.786395115007838943e-03 3.450148591760391226e-03 3.710058644842988921e-03
5.408163265306122902e-01 -4.125728968283484156e-03 6.412024156289482767e-03 -2.116395666802422821e-03 6.043906253157798475e-03 2.404454447424684421e-03 1.530205768622161684e-02 6.645926254942295663e-02 2.713087028010289364e-02 5.930041595975332064e-02 1.503097080754000302e-02 2.480024241700939380e-01 1.119419072927162716e-02 1.054112334574236129e-02 6.634480714590747577e-03 3.549779478918272963e-03 3.698483399590634692e-03
5.571428571428571619e-01 -4.359718195743628177e-03 5.818326311771436325e-03 -3.097840758134474178e-03 5.749631410236337795e-03 2.644218077709412518e-03 1.513240561439272575e-02 5.877459162780401120e-02 2.555514304330760988e-02 4.907678969758672710e-02 1.525354296439180614e-02 2.252591619506083553e-01 1.056903482710983173e-02 1.017555195366732883e-02 6.611416243887415639e-03 3.395360677725176805e-03 3.549039373020256537e-03
5.734693877551020336e-01 -3.920870475797691088e-03 5.568310082063020368e-03 -3.577983923135422562e-03 6.279601865306166236e-03 2.625291945255302500e-03 1.492559749435511118e-02 5.338086792246633794e-02 2.502004244557643961e-02 4.086042706797585189e-02 1.521854809216812571e-02 2.033308396707086130e-01 9.862655545891154882e-03 9.557252016347817652e-03 6.754595096107933634e-03 2.692149192139742069e-03 3.236751522896792223e-03
5.897959183673470163e-01 -3.129001712471175985e-03 5.478478115272785408e-03 -2.507962595204027423e-03 8.400804333261060672e-03 1.286110393801345947e-03 1.461667280101169863e-02 4.876099631660012895e-02 2.707226383643828588e-02 3.536451685924833083e-02 1.541250960967785640e-02 1.810233365604385358e-01 1.092837393135298769e-02 8.796965920370821562e-03 6.701452952848836395e-03 1.834975916214879547e-03 3.320370979116342262e-03
6.061224489795918879e-01 -2.416380765101757214e-03 5.519673432110980792e-03 -2.595344859342544035e-03 8.865376650415127471e-03 1.138349742385753871e-03 1.365996083221193529e-02 4.207712352396885541e-02 2.305135101626111169e-02 2.937774651292302322e-02 1.492224573979315447e-02 1.609589521154481395e-01 1.120069476152043240e-02 7.858155818736972664e-03 6.622386339097939036e-03 1.434505641425406911e-03 3.229120908684111283e-03
6.224489795918367596e-01 -1.926066507583772255e-03 5.379437327106514552e-03 -2.318205541359436277e-03 9.966182175956909278e-03 5.681395412635522647e-04 1.277943878136280839e-02 3.580485555936888109e-02 2.185199910362296480e-02 2.483769891597548476e-02 1.420870934691557778e-02 1.415895843814952704e-01 1.196303501419522346e-02 6.993280944422240221e-03 6.498694781547665299e-03 1.255560850425938837e-03 3.015839887985304404e-03
6.387755102040816313e-01 -1.763291018474010029e-03 5.011026558907828027e-03 -3.517692703172981862e-03 1.049362282662101922e-02 1.412161992931055187e-03 1.261028606768314214e-02 3.021147633166515814e-02 2.208234850326066048e-02 1.964669379999844923e-02 1.375236258345650942e-02 1.247038505112701839e-01 1.174567493327440676e-02 6.104164691998323691e-03 6.336567227702525652e-03 1.511434556359628157e-03 2.918041857848065277e-03
6.551020408163265030e-01 -1.371265663515872871e-03 4.815576566171758145e-03 -3.924797227226901192e-03 1.042963482885535947e-02 2.146702536331560659e-03 1.226619336219402986e-02 2.484776981462179582e-02 2.198756275659718984e-02 1.600648495888330053e-02 1.352795817211750219e-02 1.085126989031491018e-01 1.129038558040623003e-02 5.124397578212483255e-03 5.955471233002406807e-03 1.375912011189511308e-03 2.643676721640121109e-03
6.714285714285714857e-01 -7.347387558144375915e-04 5.047944037270904634e-03 -4.551858755871746043e-03 1.084756265045347563e-02 3.133211172357025683e-03 1.289036313686338538e-02 1.988113039811458330e-02 2.200991807516783014e-02 1.371824458342043099e-02 1.417405976351782983e-02 9.332242088573453054e-02 1.158142679674851495e-02 4.165764440781732046e-03 5.813900741335659844e-03 1.063345719439776462e-03 2.353021475347306501e-03
6.877551020408163573e-01 -5.653365196498312453e-04 5.556716834071377675e-03 -5.735036617494569146e-03 9.716728775460639275e-03 4.848935490069965042e-03 1.148048995812154215e-02 1.400636390703255754e-02 2.365106623106593212e-02 1.137234890484222112e-02 1.299612576350017527e-02 8.010839740159633737e-02 1.022623955221433310e-02 3.825667716712735211e-03 6.199468939947366981e-03 6.893171889063837545e-04 2.151276015229100676e-03
7.040816326530612290e-01 -2.267332661212563918e-04 6.119802600425810341e-03 -6.257262548063195068e-03 1.014102716994294030e-02 5.921973125223791920e-03 1.125687254220730966e-02 1.145974167737420432e-02 1.887010255106317397e-02 9.773630232330304465e-03 1.279353067078748546e-02 6.807985569865412923e-02 1.038097601483088488e-02 3.454995932446520372e-03 6.744031583403861836e-03 2.400689127714897590e-04 2.094057650527441673e-03
7.204081632653062117e-01 1.026320665191617987e-03 7.680441173733227114e-03 -6.142834477869558822e-03 1.066679325465065900e-02 6.583132456638965575e-03 1.175729386615498133e-02 7.837588375768960586e-03 1.719052997285148640e-02 7.501140602779903140e-03 1.282082811316204857e-02 5.772865008052108921e-02 1.071429636674453914e-02 2.259823363842622911e-03 8.315739003339289726e-03 -1.202600787526237567e-05 2.053675732589019861e-03
7.367346938775510834e-01 2.723773866630701743e-03 1.055738113017332461e-02 -5.354367355641570514e-03 1.216566243602633379e-02 5.902165687426506359e-03 1.268637380600316431e-02 5.019045671291559423e-03 1.703959974523763451e-02 6.386503919608849111e-03 1.367938696443783166e-02 4.815571853068702224e-02 1.220396766522050848e-02 6.314853168272392377e-04 1.119384842486024524e-02 -1.513013065019109627e-04 1.912085561785451492e-03
7.530612244897959551e-01 3.347111420314353037e-03 1.138156833685597703e-02 -4.491012694336645426e-03 1.270622481303653774e-02 5.588513599931386501e-03 1.195055443286740030e-02 3.380609462740184409e-03 1.479054695636173103e-02 5.150940857924307670e-03 1.260427596906943566e-02 3.941675457359115203e-02 1.293771834964407147e-02 9.440130082234371250e-05 1.213155144191191588e-02 -2.055206984531875094e-04 1.854542395242731595e-03
7.693877551020408267e-01 3.700903966783544458e-03 1.181247737394512318e-02 -5.013588714372360991e-03 1.144484866240926858e-02 5.721807343038266824e-03 1.158017304292606117e-02 9.324618436404591567e-05 1.621917485475198040e-02 3.601692683394015077e-03 1.197341369650416383e-02 3.326630455306706785e-02 1.201717042389163770e-02 -3.686189977476679873e-04 1.260123117591606043e-02 -2.329992136797600396e-04 1.812885362980177790e-03
7.857142857142856984e-01 3.950074419242127592e-03 1.291688207383976522e-02 -5.693798006173376829e-03 1.073626677616170040e-02 5.657948365304832708e-03 1.177402930489857696e-02 -1.538774680937169846e-03 1.427911879458286688e-02 2.210276236893728759e-03 1.205791082848095379e-02 2.854265247624555857e-02 1.152778484090345723e-02 -9.862004915652249504e-04 1.365975660245233141e-02 -2.027384854668734027e-04 1.637337392279653199e-03
8.020408163265306811e-01 3.898205963925653779e-03 1.235501536786283439e-02 -4.305580344407663670e-03 9.784254832731606802e-03 4.803772217549897791e-03 1.044511582683799698e-02 -3.292689738769052563e-03 1.302317972988607450e-02 1.559251545478106691e-03 1.051003276106219318e-02 2.272068462983138637e-02 1.039916298616219877e-02 -1.284235245889934389e-03 1.311586386815231584e-02 -1.425192807261697631e-04 1.533165760304424849e-03
8.183673469387755528e-01 3.588619797058547126e-03 1.137225324329994153e-02 -3.492723870721761714e-03 9.000290850226813633e-03 4.198696164673327083e-03 9.731260435807975034e-03 -4.768501625455401523e-03 1.556994705567193819e-02 8.465323511627092547e-04 9.696491188922193652e-03 1.825700122372798245e-02 9.575460541838392778e-03 -1.342621206227992588e-03 1.204775011225409434e-02 -1.138655908763324358e-04 1.448744408941626295e-03
8.346938775510204245e-01 3.441281250341821953e-03 1.017984496958066962e-02 -3.041726663775672686e-03 8.010487218373465307e-03 3.556407472593775022e-03 8.593753259920606721e-03 -5.230190570117304073e-03 1.414505616898533748e-02 3.378756927483065947e-04 8.721503560001611297e-03 1.483899533506974518e-02 8.458777665579302399e-03 -1.553847558480263465e-03 1.070251811142967913e-02 -1.259014983128754327e-04 1.219932345173984842e-03
8.510204081632654072e-01 3.210758257312623220e-03 9.544603477465968266e-03 -2.700052505113971144e-03 7.163601897606069677e-03 3.003263435210558937e-03 7.739678550482364389e-03 -5.504081810805650996e-03 1.310886165854219070e-02 4.341769438769502301e-05 7.867103569669024049e-03 1.184481233652320484e-02 7.668364582451015800e-03 -1.641010957639634947e-03 9.910946594650287683e-03 -1.269871109435181890e-04 1.005675751561662876e-03
8.673469387755102789e-01 2.754430250123140935e-03 8.728939656345335515e-03 -2.194652043508042282e-03 6.162234962480548327e-03 2.365811147249049975e-03 6.742651502665567703e-03 -5.565775093366548236e-03 1.283554913783929025e-02 -3.583154109628419639e-05 6.812644339057771087e-03 9.122462586070438292e-03 6.634621311653081215e-03 -1.499827068684795933e-03 9.068969561710620367e-03 -1.141045310238823546e-04 8.086130827908307415e-04
8.836734693877551505e-01 2.456910492806845328e-03 8.514967898016780751e-03 -2.151372510115513118e-03 5.118589556761047633e-03 1.872728731270310734e-03 5.849475693755866804e-03 -5.301125605810848816e-03 1.208554103662637380e-02 -1.249919176342527058e-04 5.929764783898339164e-03 7.202425593584829006e-03 5.472872084153720604e-03 -1.503502693659317579e-03 8.838236264176898421e-03 -8.122948150597573426e-05 6.464492371260225972e-04
9.000000000000000222e-01 2.302187455270835164e-03 8.739502279132595197e-03 -2.384168039911821121e-03 5.326226440830149171e-03 1.337487979259191582e-03 6.010268189772444321e-03 -4.864826018318149127e-03 1.070561871116822161e-02 -1.930248019052008528e-04 6.042746812240025120e-03 6.006656214330170773e-03 5.044743278601566266e-03 -1.651540834005031004e-03 9.021929051782274361e-03 -2.604869388541081849e-05 6.175356181904082626e-04
