1.000000000000000048e-04 4.334959492027843364e-01 1.985667276252919278e-01
1.151395399326446927e-04 4.238576148114755471e-01 1.911808403566152004e-01
1.325711365590109543e-04 4.145047586436171883e-01 1.838948897105848468e-01
1.526417967175233259e-04 4.053556376060338251e-01 1.767980206356746520e-01
1.757510624854791170e-04 3.964004300138998516e-01 1.698647869879708616e-01
2.023589647725157589e-04 3.875721383588853208e-01 1.630343734164645675e-01
2.329951810515371805e-04 3.788666383060967924e-01 1.563327196355623061e-01
2.682695795279724476e-04 3.702574150638528461e-01 1.497847302764466759e-01
3.088843596477481527e-04 3.617642671056362502e-01 1.434031646642546509e-01
3.556480306223128661e-04 3.534242986252951746e-01 1.371890307789533359e-01
4.094915062380427508e-04 3.449926826582891959e-01 1.310799525596098580e-01
4.714866363457394672e-04 3.364638927917863453e-01 1.251134679489486479e-01
5.428675439323859403e-04 3.283071634759229251e-01 1.192749602361101585e-01
6.250551925273975734e-04 3.205020432234118588e-01 1.135314699465588134e-01
7.196856730011521675e-04 3.131504425741581388e-01 1.077369567521612864e-01
8.286427728546842068e-04 3.060012390836035490e-01 1.020268800033494461e-01
9.540954763499943534e-04 2.988487562891620208e-01 9.646475695172382347e-02
1.098541141987558400e-03 2.920499587635345118e-01 9.115721062355193471e-02
1.264855216855295715e-03 2.856447475035078232e-01 8.603716075238512784e-02
1.456348477501244378e-03 2.794212376523975139e-01 8.102561264749053027e-02
1.676832936811008387e-03 2.733949584599569271e-01 7.609987736375099787e-02
1.930697728883249645e-03 2.676079999827670752e-01 7.120800384144629347e-02
2.222996482526195736e-03 2.619194359849002507e-01 6.650009450390369226e-02
2.559547922699535825e-03 2.562519870192030425e-01 6.197608475348287405e-02
2.947051702551809708e-03 2.504667428346106228e-01 5.785306983993866725e-02
3.393221771895329857e-03 2.445305648814212196e-01 5.410262490864738844e-02
3.906939937054616958e-03 2.383681087910252960e-01 5.068168917302826731e-02
4.498432668969444201e-03 2.319892979753051809e-01 4.762834954084661787e-02
5.179474679231212825e-03 2.253572360047917666e-01 4.509760886385179995e-02
5.963623316594642357e-03 2.186547410285782922e-01 4.304180834075880396e-02
6.866488450042998112e-03 2.120180754373788279e-01 4.112959981213454297e-02
7.906043210907700777e-03 2.054952024599659421e-01 3.910274097315720454e-02
9.102981779915217050e-03 1.990979065002917991e-01 3.675241025220313956e-02
1.048113134154685273e-02 1.924158112315855207e-01 3.468116330602197955e-02
1.206792640639328847e-02 1.854170135496832628e-01 3.269045155994187296e-02
1.389495494373137359e-02 1.779396448739730130e-01 3.013666345014757303e-02
1.599858719606057217e-02 1.700298343264547984e-01 2.748746995937121143e-02
1.842069969326716461e-02 1.617482273608176757e-01 2.480963428505272503e-02
2.120950887920190417e-02 1.527655975149912471e-01 2.251480516241462573e-02
2.442053094548649744e-02 1.430092730401066048e-01 2.051737691353020324e-02
2.811768697974230749e-02 1.329829132227545729e-01 1.894068229293656078e-02
3.237457542817643447e-02 1.226335392398657242e-01 1.780633964952213835e-02
3.727593720314938130e-02 1.118337544520869309e-01 1.742496501493928651e-02
4.291934260128778267e-02 1.006137501380840876e-01 1.708848748546625690e-02
4.941713361323833015e-02 8.848080759273516116e-02 1.518087118396405089e-02
5.689866029018292998e-02 7.822897666014630436e-02 1.450581755983846276e-02
6.551285568595509312e-02 7.055984249994165514e-02 1.343127930189879152e-02
7.543120063354614990e-02 6.490824147842133574e-02 1.222417605341719060e-02
8.685113737513520948e-02 6.099509414279424141e-02 1.155958762644083981e-02
1.000000000000000056e-01 5.811938900000000047e-02 1.135948457677850472e-02
1.163265306122449050e-01 5.498144450814458628e-02 9.629446721598575870e-03
1.326530612244898044e-01 5.135997732852693592e-02 9.225240289123470827e-03
1.489795918367347038e-01 4.723050215813651143e-02 8.846513143861974710e-03
1.653061224489796033e-01 4.311203853746148340e-02 8.441498819331736542e-03
1.816326530612245027e-01 3.894380473376195945e-02 8.655830837138740047e-03
1.979591836734694021e-01 3.486831510158874825e-02 8.877602058789275594e-03
2.142857142857143016e-01 3.069355929448877585e-02 9.246090313310376119e-03
2.306122448979592010e-01 2.650617824238633846e-02 9.284838420715521567e-03
2.469387755102041004e-01 2.240256390271565257e-02 8.949419548762920645e-03
2.632653061224490276e-01 1.859721874914666007e-02 8.246200233160297030e-03
2.795918367346938993e-01 1.529095779162716572e-02 7.193589407121427949e-03
2.959183673469387710e-01 1.223344377289717171e-02 6.144280702266012063e-03
3.122448979591836982e-01 9.472423507792282829e-03 5.434167994449804785e-03
3.285714285714286254e-01 7.527646548402747509e-03 4.690624602008485605e-03
3.448979591836734970e-01 6.513274540608479310e-03 3.949206138181179417e-03
3.612244897959183687e-01 6.324699667870168490e-03 3.825037709656281537e-03
3.775510204081632404e-01 6.653667513086839770e-03 5.290996518088139297e-03
3.938775510204082231e-01 6.681477882536569768e-03 6.106976428266843067e-03
4.102040816326530948e-01 6.632437655444375565e-03 5.646533706492752776e-03
4.265306122448979664e-01 7.260241880531962191e-03 5.627655291587668578e-03
4.428571428571428381e-01 8.237569708429254636e-03 6.039312886020845907e-03
4.591836734693878208e-01 9.256739924858644469e-03 6.591637446377524370e-03
4.755102040816326925e-01 9.983724737793020498e-03 7.020314509780686135e-03
4.918367346938775642e-01 1.052513329328826422e-02 7.082609771856901437e-03
5.081632653061224358e-01 1.103534588189305880e-02 6.889468087760076270e-03
5.244897959183674185e-01 1.101060982716685691e-02 6.786395115007838943e-03
5.408163265306122902e-01 1.054112334574236129e-02 6.634480714590747577e-03
5.571428571428571619e-01 1.017555195366732883e-02 6.611416243887415639e-03
5.734693877551020336e-01 9.557252016347817652e-03 6.754595096107933634e-03
5.897959183673470163e-01 8.796965920370821562e-03 6.701452952848836395e-03
6.061224489795918879e-01 7.858155818736972664e-03 6.622386339097939036e-03
6.224489795918367596e-01 6.993280944422240221e-03 6.498694781547665299e-03
6.387755102040816313e-01 6.104164691998323691e-03 6.336567227702525652e-03
6.551020408163265030e-01 5.124397578212483255e-03 5.955471233002406807e-03
6.714285714285714857e-01 4.165764440781732046e-03 5.813900741335659844e-03
6.877551020408163573e-01 3.825667716712735211e-03 6.199468939947366981e-03
7.040816326530612290e-01 3.454995932446520372e-03 6.744031583403861836e-03
7.204081632653062117e-01 2.259823363842622911e-03 8.315739003339289726e-03
7.367346938775510834e-01 6.314853168272392377e-04 1.119384842486024524e-02
7.530612244897959551e-01 9.440130082234371250e-05 1.213155144191191588e-02
7.693877551020408267e-01 -3.686189977476679873e-04 1.260123117591606043e-02
7.857142857142856984e-01 -9.862004915652249504e-04 1.365975660245233141e-02
8.020408163265306811e-01 -1.284235245889934389e-03 1.311586386815231584e-02
8.183673469387755528e-01 -1.342621206227992588e-03 1.204775011225409434e-02
8.346938775510204245e-01 -1.553847558480263465e-03 1.070251811142967913e-02
8.510204081632654072e-01 -1.641010957639634947e-03 9.910946594650287683e-03
8.673469387755102789e-01 -1.499827068684795933e-03 9.068969561710620367e-03
8.836734693877551505e-01 -1.503502693659317579e-03 8.838236264176898421e-03
9.000000000000000222e-01 -1.651540834005031004e-03 9.021929051782274361e-03
