1.000000000000000048e-04 4.359400748127145730e-01 1.987885495391763235e-01
1.151395399326446927e-04 4.263410681293022808e-01 1.913370155673360107e-01
1.325711365590109543e-04 4.170261674659069828e-01 1.839806288398284639e-01
1.526417967175233259e-04 4.079103672573080597e-01 1.768110859473048524e-01
1.757510624854791170e-04 3.989833988918851659e-01 1.698059977928489950e-01
2.023589647725157589e-04 3.901775769615442591e-01 1.629018428118806927e-01
2.329951810515371805e-04 3.814881822735329275e-01 1.561248996030261682e-01
2.682695795279724476e-04 3.728874063226307323e-01 1.494951786652647108e-01
3.088843596477481527e-04 3.643940902333109855e-01 1.430365028767308644e-01
3.556480306223128661e-04 3.560413771259096083e-01 1.367574631842753130e-01
4.094915062380427508e-04 3.476043489585864399e-01 1.306086145635859119e-01
4.714866363457394672e-04 3.390833484060716274e-01 1.246341772413884219e-01
5.428675439323859403e-04 3.310064090909531909e-01 1.188128074121952704e-01
6.250551925273975734e-04 3.233268014634110288e-01 1.131119239340316190e-01
7.196856730011521675e-04 3.161152090441567419e-01 1.073667209507341569e-01
8.286427728546842068e-04 3.090556455659053681e-01 1.017277303708125358e-01
9.540954763499943534e-04 3.018924829653984454e-01 9.627137539323034343e-02
1.098541141987558400e-03 2.949814891347372070e-01 9.111202107180126075e-02
1.264855216855295715e-03 2.883621649240054596e-01 8.618432266431293176e-02
1.456348477501244378e-03 2.818623503211090120e-01 8.138074355440537422e-02
1.676832936811008387e-03 2.755290569891833963e-01 7.665654358959549108e-02
1.930697728883249645e-03 2.694760312761637633e-01 7.190122099966855806e-02
2.222996482526195736e-03 2.636134606816340487e-01 6.721359564420303911e-02
2.559547922699535825e-03 2.579534690804048958e-01 6.248329341293380051e-02
2.947051702551809708e-03 2.520957774373272509e-01 5.819092905722163256e-02
3.393221771895329857e-03 2.459663977477073438e-01 5.433592729053100812e-02
3.906939937054616958e-03 2.396098223329148902e-01 5.075408600889605437e-02
4.498432668969444201e-03 2.330356550519976366e-01 4.749361865521156689e-02
5.179474679231212825e-03 2.261992452913900997e-01 4.469904042425093538e-02
5.963623316594642357e-03 2.193720440093568091e-01 4.244322405118441249e-02
6.866488450042998112e-03 2.127988271088606664e-01 4.056046583103654207e-02
7.906043210907700777e-03 2.062948695020566103e-01 3.893139873447144794e-02
9.102981779915217050e-03 1.998294352173794475e-01 3.744799359483667184e-02
1.048113134154685273e-02 1.929990618163023031e-01 3.643870103169093849e-02
1.206792640639328847e-02 1.857823488444939330e-01 3.559963440242130267e-02
1.389495494373137359e-02 1.780541360478212765e-01 3.418318317891592961e-02
1.599858719606057217e-02 1.698249555356744211e-01 3.250968300796492488e-02
1.842069969326716461e-02 1.610570359923058636e-01 3.039032632467758566e-02
2.120950887920190417e-02 1.518615801512106234e-01 2.851356379929024729e-02
2.442053094548649744e-02 1.422628656093470334e-01 2.672138258560976393e-02
2.811768697974230749e-02 1.325966902854770202e-01 2.419066178086920135e-02
3.237457542817643447e-02 1.226953390865770377e-01 2.135648359231674676e-02
3.727593720314938130e-02 1.120166449021556820e-01 1.871430554139774660e-02
4.291934260128778267e-02 1.007320291741168883e-01 1.618129800655810843e-02
4.941713361323833015e-02 8.855959678191771545e-02 1.391047855067414733e-02
5.689866029018292998e-02 7.740990494068301919e-02 1.356214418262123057e-02
6.551285568595509312e-02 6.776467100239043362e-02 1.241703192380030039e-02
7.543120063354614990e-02 5.936116293375629654e-02 1.110733886363024503e-02
8.685113737513520948e-02 5.211013391628055436e-02 1.007901197854379170e-02
1.000000000000000056e-01 4.602117399999999803e-02 9.779521697310451789e-03
1.163265306122449050e-01 3.942477395804350887e-02 8.597488598936026127e-03
1.326530612244898044e-01 3.328912908047675090e-02 7.353330218090444077e-03
1.489795918367347038e-01 2.863095571284317298e-02 6.665202107333106224e-03
1.653061224489796033e-01 2.483575627569225078e-02 5.995471224548147050e-03
1.816326530612245027e-01 2.170692908957032666e-02 5.655695672266800901e-03
1.979591836734694021e-01 1.898480791532573819e-02 4.434780959100406011e-03
2.142857142857143016e-01 1.695823321591360261e-02 3.469831512302461781e-03
2.306122448979592010e-01 1.548757243205519177e-02 3.091673368091698692e-03
2.469387755102041004e-01 1.433010380039563374e-02 3.566130690184089388e-03
2.632653061224490276e-01 1.324416138142683191e-02 4.509383362223045449e-03
2.795918367346938993e-01 1.225172070807768916e-02 5.634363331159562317e-03
2.959183673469387710e-01 1.124413457635646540e-02 6.411421240065154868e-03
3.122448979591836982e-01 1.079021243743692043e-02 6.632527583782697571e-03
3.285714285714286254e-01 1.010737878689214712e-02 6.779166903760069050e-03
3.448979591836734970e-01 8.811830531947489192e-03 6.611065661575015427e-03
3.612244897959183687e-01 6.825401095665947424e-03 6.015622156291653214e-03
3.775510204081632404e-01 4.622927028232834239e-03 5.555000630649990605e-03
3.938775510204082231e-01 3.224999414965747189e-03 5.629233313847112341e-03
4.102040816326530948e-01 2.398997430438228398e-03 5.497597477770171416e-03
4.265306122448979664e-01 1.692190277964546229e-03 5.335104021406694361e-03
4.428571428571428381e-01 4.148649701266470154e-04 5.113805095634805543e-03
4.591836734693878208e-01 -1.304228855688523885e-03 5.470247749666199907e-03
4.755102040816326925e-01 -2.704550331251799004e-03 6.117853355337987686e-03
4.918367346938775642e-01 -3.535521323528168034e-03 6.489852248896367873e-03
5.081632653061224358e-01 -3.773172936203268539e-03 6.637549040490199267e-03
5.244897959183674185e-01 -3.936045802592954765e-03 6.697487600261068513e-03
5.408163265306122902e-01 -4.125728968283484156e-03 6.412024156289482767e-03
5.571428571428571619e-01 -4.359718195743628177e-03 5.818326311771436325e-03
5.734693877551020336e-01 -3.920870475797691088e-03 5.568310082063020368e-03
5.897959183673470163e-01 -3.129001712471175985e-03 5.478478115272785408e-03
6.061224489795918879e-01 -2.416380765101757214e-03 5.519673432110980792e-03
6.224489795918367596e-01 -1.926066507583772255e-03 5.379437327106514552e-03
6.387755102040816313e-01 -1.763291018474010029e-03 5.011026558907828027e-03
6.551020408163265030e-01 -1.371265663515872871e-03 4.815576566171758145e-03
6.714285714285714857e-01 -7.347387558144375915e-04 5.047944037270904634e-03
6.877551020408163573e-01 -5.653365196498312453e-04 5.556716834071377675e-03
7.040816326530612290e-01 -2.267332661212563918e-04 6.119802600425810341e-03
7.204081632653062117e-01 1.026320665191617987e-03 7.680441173733227114e-03
7.367346938775510834e-01 2.723773866630701743e-03 1.055738113017332461e-02
7.530612244897959551e-01 3.347111420314353037e-03 1.138156833685597703e-02
7.693877551020408267e-01 3.700903966783544458e-03 1.181247737394512318e-02
7.857142857142856984e-01 3.950074419242127592e-03 1.291688207383976522e-02
8.020408163265306811e-01 3.898205963925653779e-03 1.235501536786283439e-02
8.183673469387755528e-01 3.588619797058547126e-03 1.137225324329994153e-02
8.346938775510204245e-01 3.441281250341821953e-03 1.017984496958066962e-02
8.510204081632654072e-01 3.210758257312623220e-03 9.544603477465968266e-03
8.673469387755102789e-01 2.754430250123140935e-03 8.728939656345335515e-03
8.836734693877551505e-01 2.456910492806845328e-03 8.514967898016780751e-03
9.000000000000000222e-01 2.302187455270835164e-03 8.739502279132595197e-03
