1.000000000000000048e-04 2.906051619342992609e+00 7.462119819026813428e-01
1.151395399326446927e-04 2.860722503238625869e+00 6.988723163291101770e-01
1.325711365590109543e-04 2.815405728981031697e+00 6.586280524367921219e-01
1.526417967175233259e-04 2.770324102867665061e+00 6.244195241115695350e-01
1.757510624854791170e-04 2.725517322797724074e+00 5.944487582232559353e-01
2.023589647725157589e-04 2.681196838693734374e+00 5.641250926612668692e-01
2.329951810515371805e-04 2.637384376323162360e+00 5.350509620256458376e-01
2.682695795279724476e-04 2.594164003900461424e+00 5.091953271630039746e-01
3.088843596477481527e-04 2.551560515699526466e+00 4.856781521167745641e-01
3.556480306223128661e-04 2.509599140891932478e+00 4.637532165071666101e-01
4.094915062380427508e-04 2.468315423913098439e+00 4.422539326639124968e-01
4.714866363457394672e-04 2.427712402325765240e+00 4.210862448528221447e-01
5.428675439323859403e-04 2.387743918408224975e+00 4.011382559420967331e-01
6.250551925273975734e-04 2.348387102320955488e+00 3.820577280180124102e-01
7.196856730011521675e-04 2.309572722275872181e+00 3.635766358785286201e-01
8.286427728546842068e-04 2.271337215556608058e+00 3.459199706961187948e-01
9.540954763499943534e-04 2.233683502841355306e+00 3.289489556794900627e-01
1.098541141987558400e-03 2.196685734288134739e+00 3.130908018498047563e-01
1.264855216855295715e-03 2.160359142346439221e+00 2.982326008119254857e-01
1.456348477501244378e-03 2.124768531205242450e+00 2.835482339955216480e-01
1.676832936811008387e-03 2.089886636778342410e+00 2.689103658428349530e-01
1.930697728883249645e-03 2.055685659097348683e+00 2.544796379090471516e-01
2.222996482526195736e-03 2.022064289211034094e+00 2.409054177577455991e-01
2.559547922699535825e-03 1.988934505919132345e+00 2.278774653941089690e-01
2.947051702551809708e-03 1.956332697014812272e+00 2.162392065064994151e-01
3.393221771895329857e-03 1.924269027649759600e+00 2.058747170265479709e-01
3.906939937054616958e-03 1.892982336078212091e+00 1.961808772479244345e-01
4.498432668969444201e-03 1.862538821228059138e+00 1.875839665940923495e-01
5.179474679231212825e-03 1.833140068419793378e+00 1.807254197101701987e-01
5.963623316594642357e-03 1.804839151717607448e+00 1.756910118391523667e-01
6.866488450042998112e-03 1.777705814340383661e+00 1.721635560558101297e-01
7.906043210907700777e-03 1.751789858031411518e+00 1.685009977035207829e-01
9.102981779915217050e-03 1.727107965448127613e+00 1.641839731575882588e-01
1.048113134154685273e-02 1.703752463217196089e+00 1.606642201493900246e-01
1.206792640639328847e-02 1.681741841466589227e+00 1.574115297323718798e-01
1.389495494373137359e-02 1.661180872498956518e+00 1.506227976403611279e-01
1.599858719606057217e-02 1.641936295425339809e+00 1.438243804779347768e-01
1.842069969326716461e-02 1.623973998634635985e+00 1.377901334833385172e-01
2.120950887920190417e-02 1.606952748332304948e+00 1.316949735372383856e-01
2.442053094548649744e-02 1.590788822310530204e+00 1.243226889588570361e-01
2.811768697974230749e-02 1.575168016170775287e+00 1.171832076468105194e-01
3.237457542817643447e-02 1.560097899196016380e+00 1.101710796826544381e-01
3.727593720314938130e-02 1.545542572083943966e+00 1.036093899612278157e-01
4.291934260128778267e-02 1.531572602123358662e+00 9.728127487724623490e-02
4.941713361323833015e-02 1.518341324472995302e+00 8.950734238211086047e-02
5.689866029018292998e-02 1.505307307266029904e+00 8.810148335699352629e-02
6.551285568595509312e-02 1.492338872126097726e+00 8.673219802223879060e-02
7.543120063354614990e-02 1.479666262045960856e+00 8.141922715679962563e-02
8.685113737513520948e-02 1.467067443862011933e+00 7.605632207591291050e-02
1.000000000000000056e-01 1.453523781400000159e+00 7.275140534180765672e-02
1.000000000000000056e-01 1.453523781400000159e+00 7.275140534180765672e-02
1.163265306122449050e-01 1.436257699431471968e+00 6.600913866769045346e-02
1.326530612244898044e-01 1.415413753481877368e+00 6.242141770875467982e-02
1.489795918367347038e-01 1.390723868801176488e+00 6.004590985567208328e-02
1.653061224489796033e-01 1.361917477796027676e+00 5.855238285923737573e-02
1.816326530612245027e-01 1.328624546252491712e+00 5.909126204572044683e-02
1.979591836734694021e-01 1.291182364995507870e+00 5.799461876770821422e-02
2.142857142857143016e-01 1.250364307046662793e+00 5.729005890456270039e-02
2.306122448979592010e-01 1.206927192547645911e+00 5.632383651387896928e-02
2.469387755102041004e-01 1.161434662449474020e+00 5.575873697984527755e-02
2.632653061224490276e-01 1.114255548834317322e+00 5.499105653975491781e-02
2.795918367346938993e-01 1.065729549351170924e+00 5.406308092778352309e-02
2.959183673469387710e-01 1.016247959667206491e+00 5.288154012402173504e-02
3.122448979591836982e-01 9.661707426172632118e-01 5.305346802331420419e-02
3.285714285714286254e-01 9.157971486255552795e-01 5.662310358643761476e-02
3.448979591836734970e-01 8.653596641887024710e-01 5.083797877077313176e-02
3.612244897959183687e-01 8.150424664509627881e-01 5.361559377675658572e-02
3.775510204081632404e-01 7.650336795089378583e-01 5.504084064016197264e-02
3.938775510204082231e-01 7.155107322841964823e-01 5.815762181981395940e-02
4.102040816326530948e-01 6.666148092756788435e-01 5.388739088185211246e-02
4.265306122448979664e-01 6.184808244113076947e-01 5.672644041609450211e-02
4.428571428571428381e-01 5.712833756315996991e-01 6.581076428913901211e-02
4.591836734693878208e-01 5.252968102940863693e-01 6.702217841793813025e-02
4.755102040816326925e-01 4.808391912274195823e-01 6.858931665301323810e-02
4.918367346938775642e-01 4.381130722623843288e-01 6.718507026803152704e-02
5.081632653061224358e-01 3.972125375443600337e-01 6.965800777247084519e-02
5.244897959183674185e-01 3.581097245266221529e-01 6.844653703788193544e-02
5.408163265306122902e-01 3.211058522457649334e-01 6.801459714625253394e-02
5.571428571428571619e-01 2.864888840811441462e-01 6.623243611783007079e-02
5.734693877551020336e-01 2.542592546856339286e-01 6.508281122168510513e-02
5.897959183673470163e-01 2.245039172586136000e-01 6.817903370165791233e-02
6.061224489795918879e-01 1.971904898479003854e-01 6.724857957251778595e-02
6.224489795918367596e-01 1.722555534350652118e-01 6.682717720305531017e-02
6.387755102040816313e-01 1.496087563872702808e-01 6.578562391334155657e-02
6.551020408163265030e-01 1.292460451082127204e-01 6.357257318602752005e-02
6.714285714285714857e-01 1.111797350094870934e-01 6.506130007688437633e-02
6.877551020408163573e-01 9.523361075388962760e-02 6.047832185377364361e-02
7.040816326530612290e-01 8.122659700001326477e-02 6.162435588265317843e-02
7.204081632653062117e-01 6.893218067535411553e-02 6.606274324296279588e-02
7.367346938775510834e-01 5.814267735253492858e-02 7.631079155029231453e-02
7.530612244897959551e-01 4.869566766134052205e-02 7.742097813387080474e-02
7.693877551020408267e-01 4.044250240680334618e-02 7.505508510155267654e-02
7.857142857142856984e-01 3.327547602901389373e-02 7.594730521129608447e-02
8.020408163265306811e-01 2.710706020503510574e-02 6.967577716341799565e-02
8.183673469387755528e-01 2.182777327792014693e-02 6.432099519023265488e-02
8.346938775510204245e-01 1.732718253187195967e-02 5.710674947523330935e-02
8.510204081632654072e-01 1.350721403879344071e-02 5.190565017544805648e-02
8.673469387755102789e-01 1.028418426810574250e-02 4.576728749949458830e-02
8.836734693877551505e-01 7.589738733240949248e-03 4.101680475501470746e-02
9.000000000000000222e-01 5.365500585267322931e-03 4.142048728873987118e-02
