1.000000000000000048e-04 5.067987518397338853e-01 5.124127680190377482e-02
1.151395399326446927e-04 4.995934197801784049e-01 4.795290366933818715e-02
1.325711365590109543e-04 4.927370133474432978e-01 4.507664891223533282e-02
1.526417967175233259e-04 4.858450664184125745e-01 4.254037186435637163e-02
1.757510624854791170e-04 4.788827893399035807e-01 4.020147293170975994e-02
2.023589647725157589e-04 4.718756719793233967e-01 3.799634611606899498e-02
2.329951810515371805e-04 4.648523336635698722e-01 3.601891928895885331e-02
2.682695795279724476e-04 4.578730531130874581e-01 3.439870700737103493e-02
3.088843596477481527e-04 4.509348043934499062e-01 3.301679292827554291e-02
3.556480306223128661e-04 4.440443199611848746e-01 3.178894497967885840e-02
4.094915062380427508e-04 4.372159690320540082e-01 3.058986105112534645e-02
4.714866363457394672e-04 4.304417162115531936e-01 2.939630240460333957e-02
5.428675439323859403e-04 4.235560691175858095e-01 2.824861352376353829e-02
6.250551925273975734e-04 4.165560188431848831e-01 2.712931263009265431e-02
7.196856730011521675e-04 4.093704541562542265e-01 2.601307584834669853e-02
8.286427728546842068e-04 4.021308068564666827e-01 2.490003288148680619e-02
9.540954763499943534e-04 3.949320874227529310e-01 2.375793053299492252e-02
1.098541141987558400e-03 3.876658208515135762e-01 2.273863236954239489e-02
1.264855216855295715e-03 3.803179703192489658e-01 2.180199442874538110e-02
1.456348477501244378e-03 3.728700516603166148e-01 2.083130815800366548e-02
1.676832936811008387e-03 3.653328801164484330e-01 1.984986194940741369e-02
1.930697728883249645e-03 3.577266652609021325e-01 1.893543106841875240e-02
2.222996482526195736e-03 3.500545204250677389e-01 1.816502103213700134e-02
2.559547922699535825e-03 3.422895344603841816e-01 1.752460980624959835e-02
2.947051702551809708e-03 3.346403534437092375e-01 1.714101322852151776e-02
3.393221771895329857e-03 3.271459822660970351e-01 1.700250379916794230e-02
3.906939937054616958e-03 3.198414013139214696e-01 1.695117104665720340e-02
4.498432668969444201e-03 3.127044316570278260e-01 1.697013496161331458e-02
5.179474679231212825e-03 3.057224582102559540e-01 1.699590908043196319e-02
5.963623316594642357e-03 2.987580358603271202e-01 1.698350646721998730e-02
6.866488450042998112e-03 2.917574658603277471e-01 1.688573868707861358e-02
7.906043210907700777e-03 2.843368593211069162e-01 1.681345663014428837e-02
9.102981779915217050e-03 2.764183690813027394e-01 1.677240352800162676e-02
1.048113134154685273e-02 2.683957146694470608e-01 1.664968342317060812e-02
1.206792640639328847e-02 2.603813085542192596e-01 1.648241924539920605e-02
1.389495494373137359e-02 2.528516493048304503e-01 1.631167130656915876e-02
1.599858719606057217e-02 2.454412035363491285e-01 1.608279935248101838e-02
1.842069969326716461e-02 2.380342023676943197e-01 1.566678731000011385e-02
2.120950887920190417e-02 2.299729449463003006e-01 1.501825368846311515e-02
2.442053094548649744e-02 2.210942033683580832e-01 1.410535612737032901e-02
2.811768697974230749e-02 2.113806832062746222e-01 1.327302080709340769e-02
3.237457542817643447e-02 2.010104550722290884e-01 1.261859926544734757e-02
3.727593720314938130e-02 1.904795563403108294e-01 1.179723723220513047e-02
4.291934260128778267e-02 1.800051960086379299e-01 1.117067281878077190e-02
4.941713361323833015e-02 1.700304443698350820e-01 1.063802221441497581e-02
5.689866029018292998e-02 1.597419766487830906e-01 1.031983192120517964e-02
6.551285568595509312e-02 1.489636232349209610e-01 9.891661300973571963e-03
7.543120063354614990e-02 1.374355097109261348e-01 9.391002422146497303e-03
8.685113737513520948e-02 1.250806193599857952e-01 8.847999729440413075e-03
1.000000000000000056e-01 1.111706400000000011e-01 8.179965169869038086e-03
1.163265306122449050e-01 9.631597337328927366e-02 6.965397550310508876e-03
1.326530612244898044e-01 8.338664560359232425e-02 6.118297067600263900e-03
1.489795918367347038e-01 7.203485493994034317e-02 5.551827385416897680e-03
1.653061224489796033e-01 6.209452577759019820e-02 4.962987139647203824e-03
1.816326530612245027e-01 5.371508942069232184e-02 4.543103177953506690e-03
1.979591836734694021e-01 4.624481991229831279e-02 4.206659232929604170e-03
2.142857142857143016e-01 4.009459034116432535e-02 3.987682791304650483e-03
2.306122448979592010e-01 3.440335061992415289e-02 3.727169143264499451e-03
2.469387755102041004e-01 2.969381220895894735e-02 3.816188278520973951e-03
2.632653061224490276e-01 2.561524157497386753e-02 3.639102757811946837e-03
2.795918367346938993e-01 2.208906558513888674e-02 3.630724365966011072e-03
2.959183673469387710e-01 1.853378533508788159e-02 3.323430862555169698e-03
3.122448979591836982e-01 1.517791038369432736e-02 3.473349017361928009e-03
3.285714285714286254e-01 1.355770075092034913e-02 5.142614075637582348e-03
3.448979591836734970e-01 1.094030944405336402e-02 3.876749683563606840e-03
3.612244897959183687e-01 8.592487438390646048e-03 4.986458385358475201e-03
3.775510204081632404e-01 7.006103884160290625e-03 4.558050434345648980e-03
3.938775510204082231e-01 5.636815763899808741e-03 5.167788915004078130e-03
4.102040816326530948e-01 5.104961177614576566e-03 3.623114640176146664e-03
4.265306122448979664e-01 4.283378024890269545e-03 4.788897464910948573e-03
4.428571428571428381e-01 2.771418381560752930e-03 6.357959201349411803e-03
4.591836734693878208e-01 4.239601722136225777e-03 5.808362884320261189e-03
4.755102040816326925e-01 4.144939763097098794e-03 6.157426353526132545e-03
4.918367346938775642e-01 2.599970243847376378e-03 5.548935444868298081e-03
5.081632653061224358e-01 -2.516103480873571000e-04 6.572923314060078771e-03
5.244897959183674185e-01 -1.639720875129115768e-03 6.037240612839354058e-03
5.408163265306122902e-01 -2.116395666802422821e-03 6.043906253157798475e-03
5.571428571428571619e-01 -3.097840758134474178e-03 5.749631410236337795e-03
5.734693877551020336e-01 -3.577983923135422562e-03 6.279601865306166236e-03
5.897959183673470163e-01 -2.507962595204027423e-03 8.400804333261060672e-03
6.061224489795918879e-01 -2.595344859342544035e-03 8.865376650415127471e-03
6.224489795918367596e-01 -2.318205541359436277e-03 9.966182175956909278e-03
6.387755102040816313e-01 -3.517692703172981862e-03 1.049362282662101922e-02
6.551020408163265030e-01 -3.924797227226901192e-03 1.042963482885535947e-02
6.714285714285714857e-01 -4.551858755871746043e-03 1.084756265045347563e-02
6.877551020408163573e-01 -5.735036617494569146e-03 9.716728775460639275e-03
7.040816326530612290e-01 -6.257262548063195068e-03 1.014102716994294030e-02
7.204081632653062117e-01 -6.142834477869558822e-03 1.066679325465065900e-02
7.367346938775510834e-01 -5.354367355641570514e-03 1.216566243602633379e-02
7.530612244897959551e-01 -4.491012694336645426e-03 1.270622481303653774e-02
7.693877551020408267e-01 -5.013588714372360991e-03 1.144484866240926858e-02
7.857142857142856984e-01 -5.693798006173376829e-03 1.073626677616170040e-02
8.020408163265306811e-01 -4.305580344407663670e-03 9.784254832731606802e-03
8.183673469387755528e-01 -3.492723870721761714e-03 9.000290850226813633e-03
8.346938775510204245e-01 -3.041726663775672686e-03 8.010487218373465307e-03
8.510204081632654072e-01 -2.700052505113971144e-03 7.163601897606069677e-03
8.673469387755102789e-01 -2.194652043508042282e-03 6.162234962480548327e-03
8.836734693877551505e-01 -2.151372510115513118e-03 5.118589556761047633e-03
9.000000000000000222e-01 -2.384168039911821121e-03 5.326226440830149171e-03
