% # columns="iteration, evaluation, sigma, max axis length,  min axis length, all principal axes lengths  (sorted square roots of eigenvalues of C)", seed=342524, Fri Oct 13 12:19:27 2023
1 12 1.6345668181687718 1.0000466677555726 1.0 1.0 1.000003333338889 1.000006666688889 1.00001000005 1.0000133334222225 1.0000166668055563 1.0000200002000015 1.0000233336055577 1.0000266670222253 1.0000300004500045 1.0000333338888951 1.0000366673388972 1.0000400008000108 1.000043334272236 1.0000466677555726
2 24 1.5338164574921207 1.1061637004151037 0.9199546868754602 0.9199546868754602 0.9646484976347304 0.9782807060822698 0.986735299988813 0.9963168897081026 0.9977145009880874 1.0000150548507094 1.0000247173725758 1.0000265383055036 1.0005408952425228 1.0020742618848646 1.0033553427032191 1.0146917484179776 1.0223038424323303 1.1061637004151037
3 36 1.4784590879255348 1.1140626903371451 0.9054006045514409 0.9054006045514409 0.9390503694914393 0.9600189528834087 0.9720350886965501 0.9811152425791528 0.9885729291694745 0.9957653553859471 0.998653770820431 1.0006078028347771 1.00441360027579 1.0063510859646938 1.0077261457143307 1.0242521677029406 1.0466892869560063 1.1140626903371451
4 48 1.466979935984978 1.1377805087362667 0.8916388971472327 0.8916388971472327 0.912187974677288 0.9372682811256979 0.9620481860313229 0.980670676723905 0.9841490204367945 0.9938215194368062 0.9968165541603805 1.0010507001249627 1.0087587826296804 1.0152992862345214 1.0233333989285516 1.039148137779799 1.0490025534252283 1.1377805087362667
5 60 1.5161199185554648 1.1417104467444135 0.8859077783360686 0.8859077783360686 0.8998895637618023 0.9371000386880404 0.9453160842599199 0.974847106338611 0.9793149258021968 0.9863054599827454 0.9918021428249637 1.001828005542511 1.0059980836992954 1.0130157946506908 1.0293160283249512 1.0375057753862087 1.0847779276985319 1.1417104467444135
6 72 1.5745573666546413 1.163303148654328 0.8552906215324318 0.8552906215324318 0.9078274028889467 0.9252629127061639 0.9407046056071612 0.9627584208812736 0.979087827400602 0.9845989161273059 0.9859356035916796 0.9982367834464381 1.014637787789733 1.0166103304082799 1.026633745344924 1.0374227886750018 1.1043116302219635 1.163303148654328
7 84 1.595840528415133 1.2213096314817131 0.8466631989642236 0.8466631989642236 0.9039742336498847 0.9167119223088291 0.9198157386968061 0.9537028782657377 0.9679761700883182 0.9842324521722241 0.9862454456509446 0.995445978531556 1.011036896319478 1.0160250633279715 1.033664048724551 1.0524781891337467 1.0946578366775583 1.2213096314817131
8 96 1.6619644232395463 1.2553460483286845 0.8487534104641313 0.8487534104641313 0.8992735931115468 0.9099972060099737 0.9157439011928556 0.942211660609466 0.9571154334695988 0.9711181308292759 0.9753602824372718 0.9804675307516365 1.0043571045810025 1.0105678519366124 1.0404275049906537 1.0499664869802126 1.1005785162347195 1.2553460483286845
9 108 1.7089196774233657 1.2730523985179598 0.8462356718759158 0.8462356718759158 0.8720426505572924 0.9018585595846821 0.9124386052692869 0.923772329617848 0.9426878282705378 0.9601031619427831 0.9785659694298692 0.9809508828771463 1.0068930179718083 1.0179619130949744 1.0449309798706836 1.0728356173591613 1.1544803582256795 1.2730523985179598
10 120 1.715048720964105 1.325328830594323 0.7996275202086571 0.7996275202086571 0.8723038422396037 0.8977825133414572 0.9150296116320873 0.9197645146184472 0.933536976038869 0.9534343343576269 0.9715297340889791 0.9813528077691117 1.0085481718425429 1.0131083788240316 1.0412736559287936 1.078863300814434 1.1527686037676868 1.325328830594323
11 132 1.7919999806408793 1.3363953118844922 0.7959869764314258 0.7959869764314258 0.8602579352564115 0.9002165148340205 0.9021922459725927 0.9167597513160063 0.9339829113343541 0.9420714914183633 0.9698036069121267 0.9808867795661605 1.0051679694767366 1.0110682522219254 1.047739477961928 1.0873251971789886 1.1625625180981762 1.3363953118844922
12 144 1.816066649609453 1.337188364082097 0.7997254175043261 0.7997254175043261 0.8521471822900791 0.8732989555881526 0.9015589831110539 0.9176915961329664 0.927107610173336 0.9377627427008827 0.9640117796613557 0.9909127947621958 0.9980289260778239 1.0156681112581547 1.0437342464768664 1.1031603776688352 1.2099665697594268 1.337188364082097
13 156 1.7986675517159838 1.3317120112969212 0.7741567956873393 0.7741567956873393 0.8254340014785051 0.8756079877314853 0.897222655176756 0.9112007703366253 0.9317979965145553 0.9406556784249346 0.9724264720137173 0.9887671930875219 1.005032097007033 1.0111887427652695 1.0408542631580078 1.1031713540533281 1.2669347394242567 1.3317120112969212
14 168 1.7919513856162368 1.3368710191402091 0.7683104611636833 0.7683104611636833 0.8258688704729997 0.860746610808716 0.8963336532805873 0.9027973088417883 0.9265332623353365 0.9468655658017537 0.97346138511 0.9826185016457327 0.9940424195752815 1.0036483257576154 1.036239220994853 1.0941883353964155 1.2874251265544379 1.3368710191402091
15 180 1.7380741554300654 1.371848046277068 0.7592734758025054 0.7592734758025054 0.8284757008612869 0.8419724046884466 0.8959449091315581 0.9017318374739074 0.9297415768487848 0.9341666209525783 0.9711979166037013 0.9741052596164679 0.9947364433307773 1.0016643994304142 1.0376548315003598 1.1090311526503962 1.2737825241561556 1.371848046277068
16 192 1.6743058902802364 1.3984470128244824 0.7348328196287649 0.7348328196287649 0.8203287007745744 0.8302921263098063 0.890538688484525 0.9050816000644556 0.9149533170448059 0.9311721131483406 0.9661096231922285 0.9722184144586113 0.9895273594648278 1.013480385599729 1.0433518660308199 1.10750105119646 1.2654586760519302 1.3984470128244824
17 204 1.5737302216979492 1.3891051780656667 0.7243132388298046 0.7243132388298046 0.8173975683774385 0.8262485067904608 0.8949408178045779 0.8958915759316255 0.9101846562370358 0.9362367524412021 0.947752364926172 0.9685985349917707 0.9981868368642254 1.0093534423365298 1.0527595395940277 1.11553880512316 1.2665381110807088 1.3891051780656667
18 216 1.4705153768879689 1.3722215014349566 0.696944129537495 0.696944129537495 0.815390178010412 0.823020119569065 0.8748771843984122 0.8931021379568245 0.900427363668869 0.9448189783199923 0.9528474041030619 0.9669299356528401 1.0022131568073358 1.0164141993478726 1.0558625807645894 1.117984333929216 1.261542019285496 1.3722215014349566
19 228 1.384411292771511 1.3752926703146025 0.6883904318312901 0.6883904318312901 0.8111988938718531 0.8337169607550332 0.8687120307012944 0.8760311398591399 0.8869981833559227 0.9383499957602189 0.9585416676022988 0.9763145594605399 0.9902385724572303 1.0121220783613458 1.057695498423176 1.1061259660686933 1.2549247777357735 1.3752926703146025
20 240 1.379327261986955 1.374834849132116 0.678478504561901 0.678478504561901 0.8022674148771677 0.8228269275841662 0.8676488802636081 0.8831175851687917 0.8977674994493752 0.9400810899407228 0.9452934571760094 0.9699274854936549 0.9952096416412732 1.0183803616099623 1.0532149390757788 1.0921504292065103 1.2439124382830766 1.374834849132116
21 252 1.2926271947743266 1.391490864807014 0.6651747025840017 0.6651747025840017 0.8022954667026585 0.8186184785396394 0.8656996575333976 0.8678191666084225 0.9044024560077174 0.9362043458047634 0.9534017170129602 0.968626098453521 0.9934424064497702 1.0172881528281954 1.0679296078920617 1.1100157178396193 1.2373500326496218 1.391490864807014
22 264 1.2997329195885263 1.4155017845300264 0.6611869349424562 0.6611869349424562 0.8030133313391685 0.8122973896869761 0.844371986319691 0.8698849041057974 0.9041855818134599 0.9351888549556431 0.9516371812174729 0.9744904140204741 0.9959278897536212 1.0114094320462088 1.0497985290019685 1.123731725422492 1.2238716443672457 1.4155017845300264
23 276 1.3436112717482063 1.4442807030612705 0.6468827984612165 0.6468827984612165 0.7902285022001975 0.8111059485646922 0.8368910235913194 0.8553222788948956 0.899248575035126 0.9155384535131245 0.9511676514007489 0.9700287369268206 1.0074416779777977 1.0202803692298594 1.079866390869289 1.1153867699984028 1.2152961906616866 1.4442807030612705
24 288 1.4013503789086394 1.4869398816600232 0.6447168737670252 0.6447168737670252 0.792026758511287 0.8025404851416218 0.8187201586235168 0.862555920536872 0.8903243614079528 0.9109965888996525 0.9567086944415794 0.9798640384876727 1.013617755058123 1.0258075765959773 1.0772324953252057 1.1277354808589073 1.2240347536849296 1.4869398816600232
25 300 1.4442958880046555 1.4924644022895557 0.6265107212234231 0.6265107212234231 0.7858011793202152 0.798094607329341 0.8089077405043168 0.8616809924587211 0.8904076478969072 0.9054514140858334 0.9588939448171516 0.9897523632563942 1.0221181064215767 1.0252155794055073 1.0807446079009932 1.1352180037165744 1.2263184545776105 1.4924644022895557
26 312 1.4754985137871786 1.495693541054234 0.619386033087275 0.619386033087275 0.7686443384122574 0.7812847483402336 0.7963969497081334 0.8603944947818876 0.8842243982794185 0.9067994869085207 0.9667464274843013 1.0001061673563245 1.0158341844827563 1.0231430125824872 1.0801592550829549 1.1848370552861516 1.232210263607281 1.495693541054234
27 324 1.4995539529107704 1.5455667342620272 0.6086530253494662 0.6086530253494662 0.7608562412299849 0.7757817418938484 0.7986153720552452 0.8611078962960453 0.8860111723126072 0.9124378690527462 0.9653560681258114 0.9944007445608138 1.0168981868756497 1.0289020438965601 1.0678079338747488 1.1794236999866776 1.2412287513408007 1.5455667342620272
28 336 1.4977562495368166 1.5314767190392988 0.5930385563759301 0.5930385563759301 0.7576059180907051 0.7654232186941899 0.8009935925582029 0.8554089412284698 0.8814961253217108 0.8978992305438542 0.9653370653950272 0.9931413774827426 1.0149637075458728 1.035256332228493 1.069166962774625 1.1863091430570603 1.253639793475391 1.5314767190392988
29 348 1.4726713989086904 1.533220608598719 0.5749870088994523 0.5749870088994523 0.7586236293178954 0.7690336244256565 0.7918347346811787 0.8502015872871986 0.8830662095655626 0.8973215495105373 0.9614034701107088 0.9981660681308885 1.0156768320335086 1.0404870448059127 1.0781896438691616 1.1808223763511179 1.2300355201526416 1.533220608598719
30 360 1.5166478806481394 1.5582251414346022 0.557859052185211 0.557859052185211 0.7573723995353657 0.7666767284940853 0.7882442383696899 0.8356422315457301 0.8814670466261301 0.900965688064259 0.9625704298787965 0.9921747470869627 1.0137426203787459 1.0417524071388866 1.0802217171082014 1.179251578216452 1.2268831025374045 1.5582251414346022
31 372 1.591161831255604 1.5836368423424085 0.5377805589998602 0.5377805589998602 0.7411279667499433 0.7774984480481572 0.7821881333467018 0.8203112243886687 0.8855919617063202 0.9257778175771758 0.9569294074529947 0.9914560648996747 0.9974215348552176 1.046803814700333 1.0819750481073482 1.1901577043741576 1.233344580137404 1.5836368423424085
32 384 1.6423916501695928 1.6237917914800506 0.5323273508206177 0.5323273508206177 0.7310234989882154 0.7759879742120708 0.7852388771965992 0.8219769618456861 0.8721273048951473 0.9139482725507438 0.9496196780610924 0.9745130695112459 1.010104965935783 1.046852552121523 1.081461699657926 1.186462897462618 1.2263257812557402 1.6237917914800506
33 396 1.761026806887796 1.6225577884818805 0.5248786346620675 0.5248786346620675 0.7296131437252477 0.7761914062192544 0.7805011929249942 0.8214377381751832 0.8598237556416993 0.8976194871561893 0.9353758808831986 0.982025922926974 1.034420175151327 1.0444952621573016 1.0772175826926438 1.200849568486419 1.2311488525279444 1.6225577884818805
34 408 1.8464271494718059 1.6224500997090312 0.5166575130755727 0.5166575130755727 0.7168492074647713 0.773643944769893 0.7918114325767853 0.8167834078877754 0.8596140110377872 0.8950340518697161 0.9255591972784147 0.9941871566049464 1.0225044819458242 1.0605041029687337 1.0790419083820406 1.197420521182412 1.2374225493302782 1.6224500997090312
35 420 1.9205206718993675 1.6249129666888265 0.4990514636984225 0.4990514636984225 0.7100301288011052 0.7698747345186535 0.7899625807270648 0.8084056114826126 0.8441823342438092 0.9066868935676232 0.9151853868151392 0.9902126480858439 1.023818782864784 1.069362107718152 1.0938467931171867 1.2011475801445806 1.2666804825581375 1.6249129666888265
36 432 1.8148274965128657 1.6215131624885537 0.4838724067665016 0.4838724067665016 0.7042263573582267 0.7690911845245249 0.7837960435261201 0.8094700678733304 0.8378589910289952 0.9000952583490288 0.9112897693352028 0.9873014929690794 1.040879548131873 1.0837222666294941 1.1166335731669303 1.2043340730921699 1.272235027381907 1.6215131624885537
37 444 1.7099623337853553 1.6058767856871112 0.47652217361612487 0.47652217361612487 0.7044528147996078 0.7501451588702333 0.780190386778983 0.8158414376084746 0.8389317202285581 0.8944118614560507 0.913105596999066 0.9845776394801843 1.0295802965860195 1.0839332346898327 1.1217265244366992 1.1913573305970608 1.2716159204732185 1.6058767856871112
38 456 1.6339228675883564 1.599115342336678 0.46708031938001765 0.46708031938001765 0.6977875010113498 0.758569960486582 0.7755243942670479 0.8187003703964302 0.834711241719869 0.8813379067446316 0.9143666581783703 0.9700248657931909 1.0342745331591998 1.0832569977451767 1.1194766223332333 1.174343659258018 1.2777669687330182 1.599115342336678
39 468 1.5782647145682964 1.6359979369227866 0.45806483056919256 0.45806483056919256 0.688657876738753 0.7592528964077484 0.7631007570955132 0.8172171448774536 0.8379943852317786 0.8895949912041735 0.9117813737973531 0.9545089538668742 1.0147183357907323 1.0801996241087204 1.114925896143002 1.1735689324923564 1.2744038588879092 1.6359979369227866
40 480 1.5708219850063072 1.6426526179108025 0.4533534911781257 0.4533534911781257 0.6923063979683853 0.7481755625497984 0.7690301569525492 0.7978773521201697 0.8396622637374096 0.8936134164530619 0.9132980139120759 0.9613985361764094 1.0021507335178592 1.0782840437966035 1.1056392252766336 1.1815047728922865 1.2563825189241162 1.6426526179108025
41 492 1.5648341594163877 1.659029883192753 0.4463028884498787 0.4463028884498787 0.7002800767882613 0.7476490894629284 0.7719361722017438 0.7870335768645083 0.8275726523829277 0.8919821322320527 0.91977778880052 0.9638028774202128 0.9963602443825611 1.0724195918615318 1.100035176127183 1.1830735748578085 1.2457983354959572 1.659029883192753
42 504 1.5979456342017067 1.6765341956561612 0.4357492436462556 0.4357492436462556 0.6943296859650337 0.7332169525890401 0.7579921297050738 0.7920974283092835 0.8293197243729833 0.8887634949168722 0.9227995122126675 0.9588550494488857 0.9895416056762336 1.062246374826039 1.1028967723770589 1.1809576173561085 1.2559272965763695 1.6765341956561612
43 516 1.567455083806857 1.6985461121241194 0.4296727472063724 0.4296727472063724 0.6902995350129714 0.7269285773771931 0.7607727170410946 0.7923824968237658 0.8397187036640965 0.899363435209714 0.9129150665609068 0.9562073723556848 0.9927831769832858 1.0761365519106654 1.1046681455665137 1.173783231999799 1.2482996783609213 1.6985461121241194
44 528 1.5208618264825413 1.6955640495629465 0.418531662381718 0.418531662381718 0.682150868975919 0.7233886227612385 0.760376180607072 0.7884456953473713 0.8340304912701018 0.884802131252458 0.9062303719873199 0.9529853548706562 0.9998672103444768 1.0690742305655407 1.105924336237999 1.1759872079731781 1.2603677568810063 1.6955640495629465
45 540 1.4949455961295048 1.7183322601267461 0.4060345016817865 0.4060345016817865 0.6743754048894769 0.7213793555229879 0.7620635274655726 0.7848116584964071 0.8261597901799232 0.8833795920700712 0.9045282533346577 0.9453016188663981 0.9914969620347064 1.067942402076953 1.1171604200566196 1.173059720469133 1.260526843392941 1.7183322601267461
46 552 1.5185189793252016 1.7117961496999068 0.4021758026564959 0.4021758026564959 0.6794245639185436 0.7164304239421154 0.7412832896701819 0.7811310829742508 0.8162555697104407 0.8960483414691388 0.9101266549281255 0.9522125574889769 0.9897025350499661 1.072580315138489 1.1297210574615175 1.1670929029909318 1.2899055577022174 1.7117961496999068
47 564 1.5157790653101557 1.7078281180179369 0.39955616572598673 0.39955616572598673 0.6666634793988971 0.7149791590956152 0.7404389063793109 0.7791597475369356 0.8274071050157864 0.877272770229123 0.9082658772438545 0.9433034230119388 0.9882300835477426 1.076707919520891 1.1203595544496883 1.2089753943793828 1.2874294710160945 1.7078281180179369
48 576 1.513384911698261 1.6911119277173672 0.38472285888298335 0.38472285888298335 0.6659402913703637 0.699763085676776 0.7391586902984371 0.7792633045723618 0.8308535790694636 0.8788280755721724 0.9056905318449121 0.9378609580521449 0.9803161833836155 1.1134626834712622 1.1267237508730645 1.235450890127534 1.2965003521766238 1.6911119277173672
49 588 1.497251757283599 1.6911717221574012 0.37563541531021877 0.37563541531021877 0.6660663761307112 0.6914473337213632 0.7366488057731131 0.7792764666528844 0.829279467635512 0.8649743448667617 0.9072592572397167 0.9512596586818973 0.9778312175107484 1.1076682208636701 1.135354905723402 1.2586516324681971 1.2891324746723167 1.6911717221574012
50 600 1.504474368730347 1.6880145085936706 0.36314939448594813 0.36314939448594813 0.6683556380616964 0.6932261744452666 0.7332138348362751 0.7794687347404616 0.8238460938825343 0.8639587065482969 0.9067300882441223 0.9412096378698132 0.9759799519844368 1.1137147542120445 1.1372611336342504 1.2741287365331524 1.2955189457309684 1.6880145085936706
51 612 1.445203399321516 1.668917910794112 0.35475964426082646 0.35475964426082646 0.6528242765968554 0.6846750116970807 0.7413468184530881 0.76690996564373 0.8478838630605285 0.8589224371237619 0.9105618667632009 0.9376093239795927 0.982587952921975 1.1075661394972898 1.1456004551647865 1.2704092891117127 1.3167203550149924 1.668917910794112
52 624 1.4076090455140895 1.672448849370149 0.34279342076937136 0.34279342076937136 0.6484864754342767 0.679995742959994 0.7451985053945238 0.7601268410889972 0.8579226092062102 0.8624126379725426 0.9215083451126773 0.9276233270172993 0.9816383076185847 1.1066512233596801 1.1489446538400432 1.2560867800680322 1.3143750418104336 1.672448849370149
53 636 1.310081172803882 1.675783871802987 0.3370623226734192 0.3370623226734192 0.6436675569583427 0.6754798570301315 0.7402668600491121 0.7597120426501764 0.8531533447878716 0.8604127292906616 0.9253361850500693 0.9347212643083551 0.9704777131947481 1.1048996848724482 1.1514479809602471 1.2235609396430176 1.3462568359587672 1.675783871802987
54 648 1.2300577353370385 1.6715830975198003 0.33258353841123806 0.33258353841123806 0.6391572416619937 0.675449203428258 0.7355375878109082 0.7534737189624003 0.8581514404310897 0.8590431368960613 0.9103219470741596 0.9268517774884719 0.9690255090053824 1.0879928775364651 1.1505988958202207 1.2141660588393792 1.3627616639083435 1.6715830975198003
55 660 1.175035403682635 1.666193402834566 0.32955609195346663 0.32955609195346663 0.6349700358696675 0.6690853384711564 0.7348105248344048 0.7461458197394917 0.847732709035034 0.868158390923665 0.909180999606516 0.9254532028656367 0.9695901992601184 1.0837494842668358 1.1230526221106727 1.2134296471710468 1.367821183533142 1.666193402834566
56 672 1.094485345555627 1.694011015119825 0.32581710760539134 0.32581710760539134 0.6353127898851545 0.6493960913139506 0.7247453889501553 0.7440650153967288 0.8426565876782707 0.8701691206357949 0.9017192652193085 0.9156108246139139 0.9568973559892365 1.0827969975605283 1.126250686798895 1.2276234336743217 1.3785710129371624 1.694011015119825
57 684 1.0702677625384613 1.74371915947199 0.32400425859861326 0.32400425859861326 0.6364170328664296 0.6392496051162333 0.7194994199267566 0.7441524961680163 0.8345078866804706 0.8603744048727022 0.8963235112105385 0.9192521440261199 0.946874551405029 1.0731462045784657 1.1316081495000816 1.2273530474734544 1.3798785684656276 1.74371915947199
58 696 1.0620138787135227 1.768659290370808 0.31556536525241236 0.31556536525241236 0.6335552120294996 0.6407512422505549 0.7132868102769591 0.7419947316760015 0.8304591658459138 0.8409101726137774 0.8988748570472601 0.9326013321831792 0.9561243054129132 1.0707364175596756 1.1490824455084483 1.2347563076326882 1.3754030590364617 1.768659290370808
59 708 1.0720340393175742 1.776594584609664 0.30199484018346223 0.30199484018346223 0.6303909312389794 0.6346876997946369 0.7103251527537042 0.7375837053505648 0.8222789833005522 0.849969055151241 0.9060469415679963 0.9266811948241079 0.976983607536053 1.0726824898899914 1.1691100667450613 1.2508200568653822 1.3637411946954117 1.776594584609664
60 720 1.032893944377684 1.763315487498731 0.296388105481795 0.296388105481795 0.6145084364529937 0.6294763816950418 0.6981561853912757 0.7513842399150011 0.8181525555499107 0.8493287659924414 0.9176268328255185 0.9444000077091067 0.974090263444088 1.0829542818637743 1.1844164964175428 1.2527815879849826 1.353180541576089 1.763315487498731
61 732 1.0392433939936268 1.761655656057219 0.2939878633265104 0.2939878633265104 0.6147953264485699 0.6223099480295574 0.6945764032148123 0.7441515505038255 0.8143390936902888 0.8624175592224174 0.9117097571539449 0.9390978401514561 0.978026926522579 1.0792191654011682 1.1812472357260024 1.252132810376044 1.341175447041851 1.761655656057219
62 744 1.0446051662836149 1.7606651022821074 0.28810592701548465 0.28810592701548465 0.6112297682099321 0.6283097772297493 0.6759182993466445 0.749001281289117 0.8046036510430942 0.8693133827260302 0.9175442765116341 0.9372758837289835 0.9798617068674832 1.0793176958877644 1.182057470675658 1.2594368103110238 1.3425667612813514 1.7606651022821074
63 756 1.025196708375885 1.76602395235956 0.2868976535748801 0.2868976535748801 0.602436304124037 0.6280461216527486 0.6751488379696908 0.7484799020245859 0.7888404710116218 0.854052139973241 0.9282689770079269 0.9507833059074724 1.0015825596627976 1.077417179054732 1.1727566710195996 1.260327214128143 1.3394665242035124 1.76602395235956
64 768 1.087590619414762 1.7522568764015147 0.27725669569770256 0.27725669569770256 0.604567222868835 0.6247274818647146 0.6773030239379115 0.7471739845580735 0.779741475480084 0.8545054030429695 0.9333801703287234 0.96586133407831 0.9968734245108736 1.0679690994270752 1.1815577908110915 1.2546429299204855 1.331523183965103 1.7522568764015147
65 780 1.1019803012797347 1.773557321290702 0.2724122438657917 0.2724122438657917 0.5979593643333804 0.6183244193999754 0.6757039583023798 0.7511728032129884 0.778342418039139 0.8583171886518363 0.9358714327448695 0.9789927685950076 0.9962040845179775 1.0598077941650572 1.1739726748397248 1.2872348133888143 1.32026909424975 1.773557321290702
66 792 1.137881253966286 1.7877187143077737 0.25808775951217655 0.25808775951217655 0.5933734357700432 0.6212512291725178 0.671350794519994 0.746455290620702 0.7788251113815863 0.8459086814809516 0.9444529698708716 0.9906022574892982 1.0117236406430532 1.0565664431133228 1.173805569592737 1.3034405943467626 1.346970602972313 1.7877187143077737
67 804 1.1377393041393453 1.8093274853595356 0.25591737679657783 0.25591737679657783 0.5858318950757758 0.620821433203787 0.671431665065239 0.7412114813563832 0.7752663434046548 0.8569662868080425 0.9419793055940067 0.9879448343801421 1.017991262697375 1.0506745859145838 1.168321662956388 1.2887099569136793 1.3474681960662118 1.8093274853595356
68 816 1.084420301562552 1.8486525705909338 0.2540529210523654 0.2540529210523654 0.5759786158631207 0.6343368027917874 0.6887246407218282 0.7387987547141587 0.7667771841080026 0.8429854644823511 0.9346734991400756 0.9879075003307634 1.017372934018242 1.0458355807557247 1.15831515624386 1.2889064215990764 1.325603306510263 1.8486525705909338
69 828 1.0616144417763516 1.8602052858459828 0.24574057970500016 0.24574057970500016 0.574694458371306 0.6280710122880491 0.686366938149345 0.7372103330685934 0.7753685604240923 0.8583187010559429 0.9361616508511771 0.979050271739091 1.0085404160169809 1.0234493435232908 1.1711796226128235 1.2842097108681874 1.3293709643664084 1.8602052858459828
70 840 1.0300878245397762 1.8483589143355663 0.23950337717501233 0.23950337717501233 0.5706911418489493 0.628942214509489 0.6760315686251042 0.7335812369867959 0.7710339023840237 0.8637524475714745 0.9401221157682801 0.9773266965402382 1.0080240605242607 1.0421817098825872 1.1683113266397185 1.2795732272422105 1.3310940349037301 1.8483589143355663
71 852 0.967123118419983 1.8567413280611103 0.23545552546008197 0.23545552546008197 0.5667297944036488 0.6263534312113224 0.6708996719277762 0.7342044600235875 0.7703461901752519 0.8640910208186233 0.9215266952352135 0.9621652403380735 1.0117635003510959 1.0533367678077434 1.1713972033139544 1.2773633805568407 1.3176703811470947 1.8567413280611103
72 864 0.896380115101616 1.8687319605725305 0.23343968597414858 0.23343968597414858 0.5560424445791998 0.611445707559613 0.669165881022339 0.7242911632799333 0.7675986700523247 0.86366643017302 0.9144467883825277 0.9635691691933559 1.0062629105093541 1.0569500137823482 1.16289345920442 1.2867254964872394 1.3235394992233314 1.8687319605725305
73 876 0.8719567505013056 1.8719676958057287 0.23057267921836896 0.23057267921836896 0.552659424102512 0.6101376683284847 0.6611885069604317 0.7191660660994901 0.7662227413808644 0.856703776169618 0.9060381384253862 0.9596835896802423 0.999695609969898 1.0432484342091668 1.1493933093065354 1.2834141464864248 1.324184765160008 1.8719676958057287
74 888 0.8745723309733016 1.8839914852757624 0.22266427735196948 0.22266427735196948 0.5526097198287705 0.6057912770575808 0.6587021630429908 0.7275710028543068 0.768079637650774 0.8450171160175433 0.9031466790177525 0.9694491877874944 0.9984884049097669 1.0480869520300007 1.145323391994222 1.289194161281997 1.3335271793021717 1.8839914852757624
75 900 0.8693547174744036 1.8847626164962912 0.2197201122724394 0.2197201122724394 0.5540978848302672 0.6012120357756281 0.67583011417449 0.7260419558593484 0.7693583636149204 0.8435320168940728 0.900139734322884 0.9752071321144503 0.9896341690823528 1.0452245089995729 1.14218142263905 1.2733835892988838 1.3194812663644475 1.8847626164962912
76 912 0.8361505205046323 1.8930870422956776 0.21535087688888685 0.21535087688888685 0.5494175778585528 0.6034741548025288 0.6764199746801078 0.7217312408033701 0.7728665899225836 0.824673744559166 0.8940487179655825 0.9771439116852191 0.9845893820919223 1.0645891285523283 1.1404866553127646 1.2694486190714787 1.321410454822301 1.8930870422956776
77 924 0.8072722319937231 1.8892768903982147 0.2132702217104898 0.2132702217104898 0.5407414570676312 0.5996994405010796 0.6785236146230466 0.7172358103534222 0.767092981504096 0.8121586647050402 0.8962308366725416 0.9621034817064449 0.9859452565821888 1.0757631868796635 1.1362445795081648 1.2522301039135995 1.3247621338434201 1.8892768903982147
78 936 0.7849830302907003 1.8815733146070035 0.21001561924803003 0.21001561924803003 0.5336609535382917 0.6158951512790773 0.6784304232082582 0.7124633849750506 0.7682525274493186 0.8105310078402826 0.8917820385171714 0.9460443575832349 0.9921902017455064 1.0951671468671673 1.128407859483968 1.256869176487483 1.3241402129570128 1.8815733146070035
79 948 0.7450345333054139 1.885069852766204 0.20622470838346196 0.20622470838346196 0.5243316823221292 0.6122363342260744 0.6658173642422396 0.7072311367628074 0.7543558538915943 0.8168169393603502 0.8857309511311366 0.9361700799476843 0.9988046425214929 1.0937827426370106 1.1247405936522274 1.255973791504728 1.333804778464627 1.885069852766204
80 960 0.7284636608651869 1.887901003709996 0.20329036623768468 0.20329036623768468 0.5158239783279202 0.6054224607451834 0.6684173351264072 0.7034376724304084 0.7534950839027892 0.8115379858087614 0.8860469816307123 0.9300618354484579 0.9960920840331277 1.099528120074202 1.1124774379326052 1.260480478009375 1.3262056171175802 1.887901003709996
81 972 0.7111156012933817 1.8877043895946461 0.2003925350173367 0.2003925350173367 0.5159842100159674 0.5998742602745275 0.6737558378970044 0.7048871534169363 0.7503220289846748 0.8113149364547037 0.8828502624468407 0.9184346047062584 0.9964139174775166 1.07037027042626 1.0969172298703234 1.2825035039890067 1.331757048662642 1.8877043895946461
82 984 0.7278261102426641 1.9141244531395551 0.19929556168385185 0.19929556168385185 0.5142854911683998 0.5877263116285091 0.6785954474508148 0.7037863569293588 0.7449360100538415 0.8010980358112118 0.8862645815312379 0.9011968225136274 0.9939477634785246 1.0705730065441947 1.0908247665723247 1.29336929725945 1.323131434753215 1.9141244531395551
83 996 0.7108585592919261 1.9099517862492412 0.19401845761171185 0.19401845761171185 0.509925185881787 0.58351602979843 0.6703510136421551 0.7037083325307167 0.7576753745790976 0.8198365808111037 0.8827320594717242 0.8942036894578906 0.9910084519834617 1.0540937306964042 1.0908569902720457 1.3052844548571358 1.323553844189177 1.9099517862492412
84 1008 0.7164276910289656 1.8959562649609156 0.1912345124994331 0.1912345124994331 0.5084489829334986 0.5802812210067304 0.6727630535914241 0.7039274055308229 0.7346562309146577 0.8193089119396633 0.8790315583463636 0.8948965650379984 0.99322684104965 1.054532298330586 1.0930343347959794 1.3117098280509494 1.3323597593853593 1.8959562649609156
85 1020 0.6759525349228148 1.9306909784403312 0.189575125946401 0.189575125946401 0.5042674956479002 0.5790843162198364 0.6602944832567691 0.7020606435912478 0.7288314717714239 0.8232199933495083 0.8731719714660637 0.8951844644713155 0.9918152522185332 1.0411631352622341 1.0963931126533613 1.3081804270399586 1.329861205378481 1.9306909784403312
86 1032 0.6636996596218655 1.9577169666320549 0.18101092841901523 0.18101092841901523 0.5045441981560677 0.579957706297662 0.6608916200920071 0.709795404991743 0.7291341541882277 0.8127003170848549 0.8731351309812999 0.895870603996404 0.9822916731352178 1.0414499748403454 1.0939443427541675 1.3164678438325086 1.39582225248196 1.9577169666320549
87 1044 0.6618330673924857 1.9892848891653487 0.1794380325315137 0.1794380325315137 0.5007177861218591 0.5788685976046981 0.6422036571859515 0.7125372312958957 0.7301660145627195 0.8245394199132196 0.8504660308382498 0.8964273721756872 0.9875750941362059 1.042123538471782 1.0785218975076738 1.306405613290372 1.4371637528440533 1.9892848891653487
88 1056 0.657717730604942 1.9932270768704539 0.17481464256513085 0.17481464256513085 0.49254524578805664 0.5764227958461172 0.6363723106667613 0.7105078018169917 0.7288432478264376 0.8359060868491698 0.8613970452499997 0.8987082531732652 0.9861828160427886 1.0387866239716195 1.0921666694750443 1.2888447108870755 1.4376096975268906 1.9932270768704539
89 1068 0.6674950667235652 2.0469626608305234 0.17289903943787813 0.17289903943787813 0.4800898429166191 0.5750251619395726 0.6320702886893051 0.7042555808815921 0.7231236266069686 0.8390043323336213 0.8716511161858289 0.8929286223771777 0.9888770162724749 1.0301135034225868 1.0951105686308376 1.2819661796754065 1.4460457401014033 2.0469626608305234
90 1080 0.6698058816728122 2.045344789486635 0.17206294458490762 0.17206294458490762 0.4795856988666834 0.5659696600633011 0.6228036232835822 0.6938316340102427 0.7241060814758166 0.8386333046874578 0.8714413604723815 0.8933736912858784 0.9951352483692013 1.0306319475591477 1.1203683010816596 1.2814884553041443 1.4435527483931725 2.045344789486635
91 1092 0.6413105568387228 2.0404723676852137 0.1687665754488757 0.1687665754488757 0.48241693781795325 0.5538954365489566 0.6203676369949146 0.6826632599249591 0.7155245594167362 0.8457684829026771 0.8649021695576442 0.8909762742313966 0.9945911894152224 1.030931080864373 1.1288762763215843 1.280923916548199 1.4487129568550285 2.0404723676852137
92 1104 0.6366163852428401 2.052992820510375 0.16613146623762287 0.16613146623762287 0.4803242348204513 0.5490445623427059 0.6091719996710473 0.6772818775037348 0.7140338030236589 0.8252979114302023 0.8698298315451362 0.8980470629118481 0.9847575733094708 1.0371724054490674 1.1252759955332547 1.2917458530416188 1.4557296786779232 2.052992820510375
93 1116 0.6763018984793595 2.0490218637520483 0.16500197482801107 0.16500197482801107 0.48176969797862784 0.5425771125471462 0.611171897817309 0.6629532147407672 0.7318395504807179 0.8223874651387352 0.8615499266126969 0.8908847903017796 0.9696425652383923 1.0315180899001888 1.1311476319312572 1.3041447453474695 1.4801788283708088 2.0490218637520483
94 1128 0.7094589762398222 2.0534361461555872 0.16102926220069305 0.16102926220069305 0.4805198244064736 0.5436795846582209 0.6074677125858964 0.6593836294156509 0.7333793707245464 0.8249424802509612 0.8680952023283223 0.894806674696401 0.9676335834166269 1.0228256988170155 1.128905932472906 1.2878908627411543 1.5135343059178137 2.0534361461555872
95 1140 0.7127956839727797 2.0226844659003653 0.16050271151273965 0.16050271151273965 0.4751910008456845 0.5378932486705643 0.6053545207094616 0.6596690253606804 0.7262315618725896 0.8169609397551467 0.8650276402665444 0.9048822042772914 0.9749903325103448 1.0230639458296147 1.1254643934708672 1.2845325921144854 1.5477046706870468 2.0226844659003653
96 1152 0.7148441075215597 2.001798842411676 0.15866845677643132 0.15866845677643132 0.47524799616691465 0.529874564840319 0.6117530076743526 0.6586398731525911 0.7278980941422876 0.8159818262361679 0.8651226732482931 0.9042689100281768 0.9646924004227079 1.0021000500988053 1.142616332189242 1.3205518455408627 1.5597022984366977 2.001798842411676
97 1164 0.7146457958432731 1.9998223717288346 0.15501843377947794 0.15501843377947794 0.46878864590989827 0.5265963333619744 0.6096170092233496 0.6452682358698063 0.7380554825554964 0.808472319615633 0.8625636965734048 0.9047088131000084 0.9678782553266847 1.0140400338607485 1.1455327561545956 1.3292627712368832 1.57731908744908 1.9998223717288346
98 1176 0.7639303357362114 2.0069870215645347 0.15133914124948603 0.15133914124948603 0.4621144982662696 0.5256884677901298 0.6043698863104264 0.6359002111345285 0.752645427976304 0.7936038895487821 0.8675832744202793 0.9143746058264959 0.9672874789795032 1.035847238328837 1.1453708107248552 1.3274509828572094 1.570659438324955 2.0069870215645347
99 1188 0.8240449256168758 2.0319762774114087 0.14862285260147254 0.14862285260147254 0.4519509686104135 0.5217523059991874 0.597603409333435 0.641856308807873 0.7450455364068201 0.789450987244023 0.8609932797015887 0.9151236123151371 0.9698878316060561 1.0776767264102163 1.1467595624281564 1.3584641561488056 1.5712426619248956 2.0319762774114087
100 1200 0.8720174338606944 2.0280782465839007 0.14680458087876416 0.14680458087876416 0.4401894269107119 0.5244482057831692 0.5956118500866645 0.6435361414684561 0.7422217993942734 0.7902530992663157 0.8703655817989218 0.9242411695811136 0.9538877615468143 1.095618751069088 1.1545941228487808 1.4114853922343864 1.5626125643827469 2.0280782465839007
101 1212 0.8933420000642662 2.0199503884607295 0.14555709360071284 0.14555709360071284 0.43595043864108163 0.5254459738002234 0.5924431036369179 0.635781618995038 0.7436677687856321 0.8147346588647593 0.8652760164464791 0.9231934978998612 0.9462787526870955 1.0852670357721967 1.1340527951809816 1.4601798240327697 1.5547773739308934 2.0199503884607295
102 1224 0.9523314221688158 2.001678223881778 0.14274504596302473 0.14274504596302473 0.432974059075317 0.5233882188420905 0.5973594563764358 0.6366706442638778 0.7417201662147275 0.8063812865453943 0.8710505583953564 0.931179653570763 0.9502391928715104 1.0886887724295042 1.1524654217284112 1.4515682588240977 1.540554056546795 2.001678223881778
103 1236 0.994789839608228 2.0129752960205023 0.13871893710491057 0.13871893710491057 0.4195365175270771 0.5159719402701659 0.5984729976960759 0.6334485753283152 0.7376666750601768 0.8078954862289797 0.8801053235972368 0.9344059679114681 0.9478506028097993 1.091685629117985 1.1841103988524035 1.4822537274051202 1.5453606623380205 2.0129752960205023
104 1248 1.0217171029099092 2.0755381337124352 0.13518906248840265 0.13518906248840265 0.4095683477414524 0.5140140908225002 0.603426292255773 0.6363778457310971 0.7319406111204793 0.8000965704149992 0.8797278936284867 0.9207300831856639 0.9483097376349303 1.0912644425853557 1.1964610257105355 1.490238798655967 1.5563143700488113 2.0755381337124352
105 1260 1.0770799200428438 2.0560575241272776 0.13133186457065887 0.13133186457065887 0.4078464524920841 0.5146294105543213 0.6024884829296651 0.6385911671017982 0.730842467860991 0.7910075227493358 0.8744884037624217 0.9280681906334557 0.9414210470017073 1.100597061515267 1.2029972697059623 1.4931001913245856 1.5656937647221856 2.0560575241272776
106 1272 1.1273064298817124 2.0971410210498953 0.12917425914411057 0.12917425914411057 0.40768300532779067 0.5178363735099557 0.603152699252849 0.6438095946435567 0.7323142384455212 0.8026674767111759 0.8780143871788589 0.9241173632117624 0.943914723737669 1.1033045387353388 1.200269157593377 1.492475784846969 1.56161287161724 2.0971410210498953
107 1284 1.1438262790203753 2.1034469436039585 0.12606618709307485 0.12606618709307485 0.40832106130609735 0.4958723833579492 0.5976734096786839 0.6449741157524874 0.7398352660528777 0.8004649059860521 0.8888537853851673 0.9314530703566424 0.9430132298659581 1.1084528730320635 1.2322520009396942 1.5024222292292815 1.570220807600782 2.1034469436039585
108 1296 1.1102661983602362 2.1108003449867154 0.1208290370196015 0.1208290370196015 0.40404055520954546 0.49177295412568695 0.598034492391032 0.646738910347996 0.7576177580847953 0.7972545507700229 0.8988842018731481 0.9337186980124736 0.9486972220646447 1.106066567064364 1.2393178685985173 1.492935615466831 1.5681860378512678 2.1108003449867154
109 1308 1.079711044084644 2.1095343529065196 0.1200272751145017 0.1200272751145017 0.40004784200321614 0.4855589179881371 0.5958056855165182 0.647008824054516 0.7499354886660865 0.7975493242467742 0.8888385933972097 0.9289992659915267 0.9530474822405145 1.1197480809395275 1.2353532268698995 1.478473923099078 1.556651144756168 2.1095343529065196
110 1320 1.0541829389131383 2.1158007315530236 0.1161729197557341 0.1161729197557341 0.39933936875002113 0.4821101044546947 0.5845875359734186 0.6450856342456466 0.7620234302631943 0.7869323805528682 0.8861243332195055 0.9293109047724724 0.9523368450538657 1.1288009008776878 1.2563035554739386 1.4759847629799072 1.5812612935502457 2.1158007315530236
111 1332 1.0589754496418007 2.1242871151924163 0.11344507442022574 0.11344507442022574 0.39512053314959106 0.4807787840612126 0.5811836213277974 0.650502074593469 0.7773396504283541 0.7856114229566384 0.8897496715319191 0.9268114719603642 0.9539904510479521 1.1071785920232293 1.2569757071221404 1.4501809921586128 1.5924790192047185 2.1242871151924163
112 1344 1.0687877087141506 2.1509141146531197 0.11202507740450329 0.11202507740450329 0.39531808887570985 0.48041837718296837 0.5879519328234784 0.6532955469423559 0.770704063402077 0.7937651177814663 0.8812620819317217 0.931699580283737 0.9489392643793781 1.0868566960796597 1.2620184576019315 1.455363723718515 1.552779062439908 2.1509141146531197
113 1356 1.0633353726182215 2.1060366951467486 0.10913600868089207 0.10913600868089207 0.3889406871404759 0.4863875625652672 0.5913476359564336 0.6547509229643389 0.7607014590238215 0.7913289775772204 0.8841896682366395 0.9355737851453416 0.9598376132247775 1.0766013644207784 1.2704766951099484 1.4548179955527603 1.5618729841478831 2.1060366951467486
114 1368 1.146668570806002 2.1471136819739134 0.10725480649216775 0.10725480649216775 0.38896604169494636 0.4831817236668481 0.5871219237931166 0.6548639218378955 0.7629423843431508 0.7861447238068077 0.8635053672960747 0.9361308056052535 0.9551774779877663 1.058900396518574 1.2716239900669422 1.4623570894908082 1.5958821328065875 2.1471136819739134
115 1380 1.2052261530219956 2.1578917775839024 0.1041265176432385 0.1041265176432385 0.3834180657260433 0.47576000220009823 0.5814707321525064 0.6577606953134183 0.771322814580027 0.7915635439541542 0.8630851722153657 0.9336587009765455 0.9636192754717648 1.0771415628722412 1.2634519131040494 1.4627910755895137 1.6551361195441514 2.1578917775839024
116 1392 1.19705295296192 2.1467021413923373 0.10155924292032827 0.10155924292032827 0.3813661297451409 0.46562131297593895 0.5795122236995573 0.654786462502964 0.7710044785186861 0.7838099859269081 0.8780258703903155 0.930625255790297 0.9712866750704823 1.0886696867155878 1.2479642974388934 1.4607787910016143 1.6936159601726222 2.1467021413923373
117 1404 1.2205629761343122 2.169991623871368 0.0978831137110235 0.0978831137110235 0.38225781720913504 0.46057201800467706 0.5784339377399055 0.654529012408072 0.7701753140670117 0.7903427075245449 0.8698992652631713 0.9355862112931012 0.9685399548410318 1.088544900095577 1.2700836100488568 1.4232871668140876 1.7189516759827046 2.169991623871368
118 1416 1.1787674217038209 2.1540310153612827 0.0964048806834356 0.0964048806834356 0.38074700930921046 0.44966400116341065 0.5781783169820575 0.6487960087376752 0.7766793460513979 0.7877430552511134 0.8821367143966138 0.9322741471109346 0.9632930259770238 1.1076024671071578 1.2592226357760905 1.4260771629982234 1.7171530223868967 2.1540310153612827
119 1428 1.1225088605124016 2.1847653275485777 0.0936432833402053 0.0936432833402053 0.3772626585620915 0.44990786242255876 0.5736039220297123 0.6529100137285907 0.768229445157772 0.7953836810125784 0.8843803137400217 0.9298934090856553 0.9543483939103299 1.1161304788208568 1.2570764330143505 1.4228085103894763 1.7521217614146105 2.1847653275485777
120 1440 1.1452617315057363 2.1650424499924616 0.09358198759974427 0.09358198759974427 0.3681345849326167 0.4477890932328529 0.569565539994594 0.6491000648869713 0.7625404242304771 0.800111020816656 0.886581136841542 0.9229260701686569 0.9607515901837468 1.1006017796411123 1.2469669600923041 1.4312463779631404 1.768080195193798 2.1650424499924616
121 1452 1.1735064140167666 2.1603415092679095 0.09238819941380215 0.09238819941380215 0.363147816415685 0.4427359563891086 0.5702208137858674 0.6550843764303654 0.7602437549500902 0.7966295425746244 0.8761994749321761 0.9184380684247433 0.9600210629584707 1.0934505115257236 1.2625886897359424 1.435573683641792 1.8111780541013123 2.1603415092679095
122 1464 1.1944425278323647 2.167393604265174 0.08947180116619702 0.08947180116619702 0.34934579470770183 0.43578583759807105 0.5685801861619656 0.6559621289968643 0.7641687840400371 0.8013616898107115 0.8755485730572131 0.9306963412232159 0.9799871102442265 1.095330908111385 1.2707246332817181 1.445681839386997 1.841487783508746 2.167393604265174
123 1476 1.201608612697836 2.1748019210327594 0.08652551904950975 0.08652551904950975 0.3441941809561774 0.4328915557211577 0.5678364473918999 0.6535086493748542 0.7644889185020546 0.7989046276463112 0.880530534349149 0.9187504063439014 1.0004209984348813 1.093376671658935 1.2711634182112697 1.4562704402414817 1.8477239014718572 2.1748019210327594
124 1488 1.2107131536970857 2.144098867392087 0.0861105557472911 0.0861105557472911 0.33991404261872554 0.4336469349640448 0.5617295678547978 0.6431097099450858 0.7646664421457985 0.7932292023328272 0.8751429134648004 0.9292519424091974 1.0155825221453973 1.096891536339506 1.2858763779540463 1.4392869280141876 1.8724447308982617 2.144098867392087
125 1500 1.3045245736890694 2.151975318392076 0.08416498071192705 0.08416498071192705 0.3338455548825141 0.43519900747880524 0.5508976525925111 0.6400931323263632 0.7713563383926996 0.8218345423407413 0.8760418418755819 0.9295622363267564 1.0123945743126075 1.0926141166644627 1.2851935867333373 1.4562338594958164 1.8536162204352757 2.151975318392076
126 1512 1.2524769992667433 2.150696537514471 0.0811268984012259 0.0811268984012259 0.331107888428367 0.43394801276319245 0.5738955019452873 0.6466700680033248 0.7710313846726806 0.8296453805026276 0.8994249689950018 0.9227230045653299 1.010744472657009 1.0849964648335833 1.3094577700709402 1.4609722866459156 1.8526694369385008 2.150696537514471
127 1524 1.2048734673686936 2.148047229279197 0.07982209428531438 0.07982209428531438 0.32327579643294474 0.428158456001221 0.5767979410876691 0.652667793080828 0.766403903167787 0.833314960549207 0.9082468742653247 0.9192615901727889 1.0117240187506527 1.0844509042432438 1.2958479089830286 1.4630306963624826 1.8584706705434102 2.148047229279197
128 1536 1.1708260860093958 2.1683100394303247 0.07760613015254099 0.07760613015254099 0.31817943486627187 0.426110929810895 0.5761203752149954 0.6658412234744844 0.7674702162009301 0.8322101498630937 0.8967713178541937 0.9183295209314385 1.0207490675177977 1.091937646696235 1.2916007926759003 1.4481541941623906 1.8505701325826152 2.1683100394303247
129 1548 1.1629500302170261 2.1682540270473836 0.0769360532434622 0.0769360532434622 0.31902441787641417 0.4190042218190556 0.5766348930911407 0.6679669951292223 0.7672682857183224 0.8260328365223855 0.8925024524790536 0.9160501046139846 1.0224539837007236 1.0735459059432548 1.2861861947540547 1.4508076039082862 1.8574800015167061 2.1682540270473836
130 1560 1.1530959326597223 2.1776314315924132 0.07470577830454078 0.07470577830454078 0.3160565694042405 0.4125391588118105 0.5831494247830366 0.6774427739511212 0.768960821667545 0.8241502029548108 0.8880161394738026 0.9023257840871999 1.0332037580692939 1.068562022007035 1.2629299017920605 1.4802071664345315 1.8805138495726135 2.1776314315924132
131 1572 1.1358220857520418 2.194149684211039 0.073994116021405 0.073994116021405 0.30823517654158283 0.4098111955663346 0.5863217396813547 0.6760825164987654 0.7640556686314341 0.8248101122092388 0.8915424697354137 0.9024252783285959 1.0062214672190408 1.067087416900136 1.2625795962230077 1.4840704342395572 1.894941155333634 2.194149684211039
132 1584 1.1581882171907427 2.2124793765285626 0.07383778816795405 0.07383778816795405 0.3004793075044565 0.40291920842885715 0.5936925248934959 0.6713043616950787 0.7640460955867941 0.8271710595032353 0.8966263736797405 0.8989958700785696 1.0099513531886588 1.0725004221522694 1.2602947478613193 1.4752873323295057 1.9106995695555593 2.2124793765285626
133 1596 1.18947860469563 2.2258551475840513 0.07408969097238446 0.07408969097238446 0.29989137118872117 0.39296445639894023 0.5977506993438596 0.6639056201017703 0.7574798427470475 0.8388295970905788 0.8941304802467248 0.9156515106496425 1.0020694259935927 1.077834949275601 1.2595836759524215 1.4552772852668305 1.9117320824952277 2.2258551475840513
134 1608 1.2081659507525122 2.213436194985062 0.07286092337316274 0.07286092337316274 0.29863449442431844 0.38735765588156834 0.6101320885804798 0.6594168235109952 0.754523793601966 0.8399078726605729 0.8860242006520315 0.9305700114787618 0.9897610495522007 1.070558503450479 1.2725561001138845 1.4596421340951027 1.9110082751013433 2.213436194985062
135 1620 1.2647266603197331 2.216789363566789 0.07166573009500704 0.07166573009500704 0.2929081311420678 0.38705957978114475 0.6079817410670398 0.6592246954230158 0.7648259035879268 0.8446697069397101 0.8906557891961268 0.9285610403064847 0.9937603929829999 1.0677907601050687 1.260831071372096 1.454932817161361 1.9090564239852899 2.216789363566789
136 1632 1.2612000200185882 2.215793636796578 0.06917718352215453 0.06917718352215453 0.2906278302764624 0.3822351764737659 0.6070281012174669 0.6574005364208092 0.766080986985319 0.8613190566334594 0.889121961002712 0.9298148276807079 1.0019903714545857 1.0555991147336277 1.2696805644628437 1.4536650633330859 1.9615915404584445 2.215793636796578
137 1644 1.249912636197783 2.203296904910089 0.06728485170823925 0.06728485170823925 0.2916236433116876 0.37689578280963 0.6066020644011886 0.6546724945377057 0.7625050549869594 0.8557536875502761 0.8873088309930501 0.9314329568024721 1.0095264151657364 1.0482976137742381 1.275370023978928 1.4705939726886232 1.964227841551755 2.203296904910089
138 1656 1.1752189916081395 2.1893413342875987 0.06611261352529389 0.06611261352529389 0.2895292161547251 0.366614944136064 0.6169473096415212 0.6378006732970799 0.7604975008708463 0.8419075406264821 0.8875344389253107 0.92962774828317 1.0101558319350217 1.035196798559153 1.2783747020815646 1.4909342612733107 2.0245077565847924 2.1893413342875987
139 1668 1.1586023836187642 2.1514247429026456 0.06370660415453676 0.06370660415453676 0.2905901323797697 0.3635383855152502 0.6106138181002482 0.6348865656727524 0.7513781817914588 0.8391230922553057 0.8933990180056333 0.926367724155326 1.0185207845328175 1.0351737966501273 1.266302634565722 1.5116113825017514 2.0409489230224995 2.1514247429026456
140 1680 1.0939221356702866 2.1153310096984943 0.06324983797048749 0.06324983797048749 0.28351787783863064 0.35620905708595607 0.6080627011115102 0.6393663626172351 0.7560063366109316 0.8358842645158315 0.8993338309703892 0.9310279682870838 1.0102976460126243 1.0397737733833807 1.2637437543623447 1.5140306720184136 2.071095148044318 2.1153310096984943
141 1692 1.0331473781996257 2.105029227799103 0.06304139437577394 0.06304139437577394 0.2725828313762113 0.3493612086890133 0.5990023142142489 0.6424453388845133 0.7557286079132727 0.8375290270272931 0.9073455268911924 0.9266636567746827 1.0137311443157888 1.0362486248760163 1.2668975302679626 1.5180084511724055 2.0817537283300096 2.105029227799103
142 1704 0.9865242318858733 2.1223361633123887 0.06147732939397452 0.06147732939397452 0.26970670126904567 0.346441684306315 0.5957942560753127 0.6393048714738175 0.7528159329930527 0.8336165812781102 0.8942729906452942 0.927942036436292 1.0018335980720148 1.0254181297864084 1.2724036421920486 1.5098925425554375 2.1086158349013053 2.1223361633123887
143 1716 0.9393606509301541 2.109765757963691 0.060304967812609564 0.060304967812609564 0.2686915654976672 0.34421960257688783 0.593974167357639 0.6354682252585914 0.7499801468378627 0.84736077884821 0.8928132322292691 0.9204783294357017 0.9954186866306963 1.0116927235968831 1.2831949415798807 1.488661530359239 2.0962936632805547 2.109765757963691
144 1728 0.9020106856258968 2.1128565872583436 0.05910519052530404 0.05910519052530404 0.2650514098660833 0.34177299995181787 0.5937696477122675 0.6537739400932191 0.7436572358467429 0.842323033757263 0.8863746482446444 0.9161224602849386 0.9907097764816635 1.0118113887618796 1.2774430902815452 1.484602292541304 2.085769187832763 2.1128565872583436
145 1740 0.845004643159591 2.0913528941107997 0.05752827363106056 0.05752827363106056 0.2620903240786649 0.3400250985692395 0.5907016516680235 0.6527479666065876 0.7425156428874623 0.8422735367746413 0.8913491610693578 0.9309181174875231 0.9784102057653097 1.0117169892290956 1.264546277717522 1.473837783587837 2.0753221849082215 2.0913528941107997
146 1752 0.8126267227172493 2.108939207304047 0.057260292975245076 0.057260292975245076 0.25946961629805576 0.3364834100251896 0.5897317438117451 0.6482212234888919 0.7507734845016519 0.8414296856743448 0.87609847924072 0.9222613705518456 0.9688858273446691 1.0200957790112495 1.2553027259960954 1.453667263723376 2.055077866359502 2.108939207304047
147 1764 0.769529416694267 2.1039755511435674 0.05685904337556542 0.05685904337556542 0.2554143706742799 0.33079292717650693 0.590312694737617 0.6451907216167262 0.7535194340093527 0.8507943283687638 0.873007896641546 0.9300358479316769 0.9707117169583321 1.025730830106088 1.2546012900321597 1.4545531022534568 2.0128929962220488 2.1039755511435674
148 1776 0.7307776635988417 2.0953545616984037 0.05627518657621989 0.05627518657621989 0.2549449560275153 0.3247597218830877 0.5958167868570241 0.6378818593300211 0.7568671031868365 0.8582279417260135 0.8831318824580664 0.9279971260090903 0.9896700076261118 1.02703777350461 1.2379688091694518 1.445218750731454 1.9720962576103598 2.0953545616984037
149 1788 0.6790459268542911 2.11188789846521 0.054512743913417136 0.054512743913417136 0.25326368138291605 0.32190641529163677 0.5984638991232605 0.6372095958434273 0.7535658357953806 0.8567546400179586 0.8888194901439658 0.9281026068859419 0.9859900257423387 1.0442901291976274 1.2300024800883649 1.435318589105925 1.9737840625680407 2.11188789846521
150 1800 0.7138508896203833 2.1002301974642634 0.053649836202749296 0.053649836202749296 0.24844599266143855 0.31598341385985923 0.5984876252040696 0.641199073391701 0.7538786402803591 0.8464097319637486 0.8934130652277791 0.9314839195082513 0.9772830462700217 1.0440650383175716 1.247851476291077 1.4042081347633804 1.9552139026621307 2.1002301974642634
151 1812 0.7257268491796147 2.075927338241021 0.05250485691458813 0.05250485691458813 0.24734443510875048 0.31489797171733236 0.5990702640971654 0.633073320873381 0.7526444279757614 0.8554106361720458 0.916236951910063 0.9289651358800105 0.9905245918231262 1.0431504768114603 1.278696632387078 1.4037007356750268 1.9759491612384736 2.075927338241021
152 1824 0.7438247795943953 2.094129531726321 0.05185317861293416 0.05185317861293416 0.2442295397588198 0.3115691777136558 0.5972058822868864 0.626232107089053 0.7454650966002611 0.8510885655636566 0.9180699987779982 0.9313473302795261 1.0063166954352847 1.0311598055662134 1.2918098738730952 1.3860014112415897 1.9687133552505138 2.094129531726321
153 1836 0.7230788157118418 2.0692616983110415 0.05182159577003933 0.05182159577003933 0.2378559090093706 0.3063699566405368 0.5892583901884031 0.6239404549304263 0.7471137826882267 0.8438780962899197 0.9261715214440424 0.938369396525526 1.0157430628282735 1.0341568276555815 1.303152495193069 1.416417743376677 1.9595746070229356 2.0692616983110415
154 1848 0.7457042839265953 2.0506713130255894 0.05136816922704814 0.05136816922704814 0.23428687236804027 0.3020435266325304 0.5885578160568625 0.624260748196851 0.7364506112929963 0.8379793430214796 0.9170350747549886 0.9443236676089971 1.0136179916372672 1.0376194433297556 1.302601011878676 1.4061942962877487 1.96315683398884 2.0506713130255894
155 1860 0.7344058763472932 2.0530405724831007 0.0503175894184509 0.0503175894184509 0.23400410502657615 0.29590735459267953 0.5873940040826997 0.6238534609046416 0.7364416760721061 0.8352459421318199 0.9107735435129928 0.9381923496344224 1.0270940992329185 1.0432581309958668 1.310878524237732 1.4134749803957367 1.9676179715697233 2.0530405724831007
156 1872 0.7092159459998816 2.0298671136995594 0.04961043802901999 0.04961043802901999 0.23172472086887497 0.29268542997348307 0.5919265682201169 0.6432211795094963 0.7308044706881097 0.8367582490790276 0.9068344596034197 0.9327767387750333 1.0224663209594886 1.0387442193163863 1.3147290884125646 1.4134641195283724 1.9855549245933308 2.0298671136995594
157 1884 0.6909647292052238 2.0755469269432596 0.04764737489564293 0.04764737489564293 0.22814797189090869 0.2932606100105246 0.5919889596229319 0.6484339168559698 0.7271605747674393 0.8310622899414959 0.9107810218445864 0.9265342210277967 1.0285918612607707 1.0455328902158767 1.3090683296680643 1.392528633941295 1.972941864322116 2.0755469269432596
158 1896 0.6634899960075351 2.0880287062272815 0.0457701604830252 0.0457701604830252 0.22701910908418232 0.2857725664234732 0.5946057621713073 0.6505244289802595 0.7283621273220516 0.8357523958745385 0.9084915619286686 0.9308208197993775 1.0381123858403998 1.0488538498977718 1.3002023593488727 1.3893618953290634 1.9464834009325576 2.0880287062272815
159 1908 0.6527818732280068 2.1133070652626667 0.044695147593268564 0.044695147593268564 0.22294022008257916 0.2772963472067445 0.5965659851113433 0.6494338801901078 0.7262035149916601 0.8380985101398428 0.9121318372449351 0.926998077154919 1.037664625726612 1.0765941549083464 1.3176018503820581 1.3818904566447268 1.9358347694441596 2.1133070652626667
160 1920 0.6596125963080577 2.100046362808986 0.044291254551152036 0.044291254551152036 0.2194279773427828 0.2756838342017754 0.6013901924299059 0.6463009591074262 0.7145952020826585 0.8311509367915456 0.9020173965968857 0.9333033106142042 1.0360373192975796 1.1099725461010521 1.2950154621802659 1.3934835283751574 1.9462152562495556 2.100046362808986
161 1932 0.6634473794177398 2.1032488363507302 0.04371613728965271 0.04371613728965271 0.2193012268581464 0.2755576920234875 0.5971127852789396 0.6452785945650548 0.7080205603300935 0.8224943930968243 0.8961104793814131 0.929252598629306 1.0351215754791987 1.1003392092033188 1.2960428473813588 1.3913913298125609 2.004486935008485 2.1032488363507302
162 1944 0.6755641310563397 2.0933376248934623 0.04296185301694588 0.04296185301694588 0.21602211666570711 0.27296629660526056 0.5905248913796637 0.6379733462396636 0.7081360841938363 0.842584015406487 0.8965238649927263 0.923601538669145 1.03522903092075 1.0971856970166391 1.3099896334299177 1.3934880867281985 1.972406623857017 2.0933376248934623
163 1956 0.6431882190867595 2.114463124757612 0.04190193426386828 0.04190193426386828 0.21220856444593691 0.2737804828890139 0.5892014205325801 0.6328903609332831 0.7056863424694644 0.8443978341914042 0.9133297040408404 0.9361272809367269 1.025457556554198 1.1013043963001827 1.318799704963126 1.3970976379234572 2.0005013885549543 2.114463124757612
164 1968 0.629809451351088 2.102827498199493 0.04158734624010942 0.04158734624010942 0.20941487019058327 0.26804627492271876 0.5864653819338992 0.6322104439315319 0.710688034124361 0.8451807026961337 0.9142343869741282 0.9427434470462198 0.9928693073687098 1.1041319273348953 1.3105929368649745 1.3972072191710945 1.9878883375564353 2.102827498199493
165 1980 0.634536458344616 2.1141726643556615 0.04100379615755345 0.04100379615755345 0.20778252742200626 0.26433771391743904 0.5842208351146858 0.6341578182244287 0.7085237257646603 0.8377447975110855 0.9062028098106953 0.9515073223265121 0.9939045967892828 1.1065070931730399 1.3020507507695163 1.3931420252577797 2.004298741065314 2.1141726643556615
166 1992 0.644705779719059 2.0689103177033172 0.040950195308502184 0.040950195308502184 0.2041169428409675 0.26315670490013005 0.5839254537173506 0.6357742400104652 0.7086658414982945 0.8400742862871345 0.9057110551857471 0.9553043854876129 0.9873721846414105 1.105558949803762 1.293755712599704 1.4037076571943274 1.9996300626722794 2.0689103177033172
167 2004 0.6752823733695639 2.1419611630366417 0.040607639418691256 0.040607639418691256 0.20053874166021482 0.2529168625781822 0.584184485335781 0.6266625173130144 0.7068401880289407 0.8320916695786708 0.894323343981997 0.9668538391236896 0.999037467468265 1.1116222059691652 1.2971479259520782 1.40978086385921 1.9793423030374753 2.1419611630366417
168 2016 0.7064903576518897 2.262661551620282 0.04007634844799185 0.04007634844799185 0.19788736294149178 0.2500686733601268 0.57968983126264 0.6357347809340042 0.7031017642668743 0.8239791325735231 0.8827184020556663 0.9739611487299367 0.994053908624967 1.114570127531779 1.290636437092199 1.4087259182365623 1.9870639657889146 2.262661551620282
169 2028 0.6991060567034771 2.306808235170027 0.03955498331819567 0.03955498331819567 0.19691171049447356 0.2451078827157109 0.5747093982766871 0.6318423494262455 0.7046287050735267 0.8270326713577395 0.8770361685762809 0.9805168513897472 1.0193695132020646 1.11036485822381 1.2858138134853312 1.4071854711459735 1.9847560978715484 2.306808235170027
170 2040 0.6769160395321207 2.3537017702538874 0.039295295158731286 0.039295295158731286 0.19035674945770145 0.2426395584641185 0.5762158503502653 0.6262975514573809 0.7081982555528865 0.8382743881612983 0.8723995408210282 0.9822452187375152 1.0293663872035754 1.089877034822437 1.2880289236159368 1.4089112295528812 1.97062110843556 2.3537017702538874
171 2052 0.6448502554558414 2.3727337063827103 0.03880397662593037 0.03880397662593037 0.1876330948687274 0.24064822099283703 0.5741422221690435 0.6291618381122367 0.7087724082450542 0.8411473882531135 0.868584916599113 0.978836820544878 1.0328917047151587 1.0783813119343808 1.2672060742834979 1.3973372814477876 1.9933720693633652 2.3727337063827103
172 2064 0.6218415172998824 2.401710559050017 0.03843527269437399 0.03843527269437399 0.18745408446590286 0.2339033645963623 0.571217151522123 0.6250447696651795 0.6955508972474261 0.8380090025837048 0.8756532885413665 0.969614972898847 1.0263009466972997 1.081604502440767 1.2606155524134783 1.4105741236968417 1.979538360710812 2.401710559050017
173 2076 0.5850394703420916 2.4380172848842783 0.037183726257377536 0.037183726257377536 0.1846862492299239 0.23266631257959547 0.568143287817459 0.6256138784751181 0.6967393151056791 0.8375352697342463 0.872636006668769 0.9730237114006184 1.018975483341093 1.0758291705486283 1.2515165061616327 1.4009529935005862 1.9722641531200709 2.4380172848842783
174 2088 0.5745685252026126 2.455423288276225 0.03678525652248963 0.03678525652248963 0.1854504228387187 0.23120038071052243 0.5699429224589504 0.6231343127872592 0.6901080312643032 0.8556499061294581 0.8735982662867148 0.9667576144874419 1.0258265581802657 1.0686228032279934 1.233427733462565 1.3669431400084384 1.9667743730788125 2.455423288276225
175 2100 0.5625956416463683 2.511464490661059 0.03549056871884804 0.03549056871884804 0.1853027094648343 0.22726299343709924 0.5605794125232944 0.6215999725520872 0.692057909879878 0.8635914311355083 0.8744073446826341 0.9742598981749554 1.0128003596672548 1.0823616374786407 1.2282250396367083 1.3560409417154622 1.9670684901210103 2.511464490661059
176 2112 0.5460836650444572 2.5339052051733164 0.03480507901406229 0.03480507901406229 0.1835251585169006 0.22766674858253635 0.5613226109416489 0.613279419902467 0.692095484848581 0.8638007445122046 0.8746699106567503 0.967804700389901 1.0137711323468577 1.0764609823585791 1.2159607671660184 1.3397852844013658 1.9593482488346956 2.5339052051733164
177 2124 0.5234749622514199 2.5590515238386318 0.0343358850677972 0.0343358850677972 0.18198144734115598 0.22847225826349532 0.5545389311029358 0.6108865068952949 0.6776318143241975 0.8613948612995855 0.8669792515458921 0.9604868421731714 1.0227680061040558 1.0772216042677076 1.20855157698714 1.3253727217651647 1.98304586781867 2.5590515238386318
178 2136 0.48848744598183536 2.581128429280412 0.03407690837925822 0.03407690837925822 0.18089429646638205 0.2205243591959238 0.5514030963921167 0.6115633620807666 0.6674965496531446 0.872204498651808 0.8742536394928468 0.9660930781357054 1.0205949161115593 1.0797661011254984 1.1876528297055347 1.3198540519897766 2.0503035146314432 2.581128429280412
179 2148 0.49283861870750567 2.5820850173200918 0.033161502056992614 0.033161502056992614 0.18050167795775768 0.21658163359515445 0.5379855282426986 0.604987908811975 0.6662949000204069 0.8739800187352197 0.8792414202530277 0.9643208992162751 1.009378113299887 1.0787933180289675 1.1952520923863266 1.3229139641477499 2.0517666653816486 2.5820850173200918
180 2160 0.4818047664588488 2.6390111581352564 0.03275116380077072 0.03275116380077072 0.17430583899059213 0.21646561058436695 0.5318137546344657 0.6073294049119122 0.6624186197816714 0.8739126030501339 0.8811559714354347 0.9621510395366315 1.0207238131698837 1.070027669728786 1.1951830540958395 1.324930043474837 2.0642308521109496 2.6390111581352564
181 2172 0.4827049655148492 2.6644049246200683 0.03227713212201605 0.03227713212201605 0.17229250687919434 0.21446508801287126 0.531976212954833 0.603790246449246 0.6589087836780877 0.8749217934063054 0.8924646574482349 0.9580852859266208 1.0296463333092944 1.0769752124609253 1.1878638943292656 1.3186552410748205 2.0538167998603734 2.6644049246200683
182 2184 0.4951509486282098 2.6999921062765213 0.03160610428755975 0.03160610428755975 0.16980591777107873 0.20972549242312324 0.5354294553108053 0.6095345381501346 0.6577410431498085 0.8808647278125177 0.8992066553555367 0.9546759569441637 1.0330586403549118 1.0727277080809463 1.1741272668085 1.31430992508508 2.0599631999562353 2.6999921062765213
183 2196 0.5295991661127386 2.6915499996072616 0.031054456891527856 0.031054456891527856 0.167942364645301 0.20915845779382836 0.5365528843443623 0.6121973470679549 0.6595119242639631 0.878079608138782 0.907748809441228 0.9574800996938811 1.0385640003786014 1.0849941926273783 1.173707188267127 1.2970517797833228 2.0573901833234727 2.6915499996072616
184 2208 0.5515815216075434 2.880608398280917 0.030712608332879695 0.030712608332879695 0.16506651368607952 0.20907379440087345 0.5354452212975506 0.6153108135399835 0.6584418422364193 0.8715871256560612 0.9074389210027263 0.9488733864720346 1.0399534973334883 1.0894073405754183 1.1803392786778755 1.281709191579511 2.0472097069163184 2.880608398280917
185 2220 0.6146275331454766 2.9139170180840273 0.03015830720759989 0.03015830720759989 0.16543211313546427 0.2102869123321933 0.5381517294331036 0.6051231937105409 0.6622741453078795 0.866107056839899 0.8851791032890264 0.956356568368322 1.0338617881248018 1.0988367950522486 1.1899224783292426 1.2885809049846297 2.034129557979035 2.9139170180840273
186 2232 0.6648934745569862 2.958832857928787 0.029758717243463295 0.029758717243463295 0.1639565642529541 0.20750840536581017 0.538921155683849 0.6212281071276563 0.6569658237989112 0.8628865760599538 0.874397054205246 0.9558887927258314 1.037083588376735 1.122739920507865 1.1828481917605729 1.3029495709791452 2.058635636192931 2.958832857928787
187 2244 0.7186709339494436 3.029883582206977 0.029203703180480118 0.029203703180480118 0.16139886568525777 0.2069746664822177 0.5375498930080155 0.6263631141128665 0.6506973685837805 0.8591131107078924 0.8670637318273894 0.9420480928790602 1.0288556481856976 1.1388370533367187 1.1872406118994387 1.3078172204561385 2.0981996150335918 3.029883582206977
188 2256 0.7483482726141447 3.0788690377683943 0.028583085319558527 0.028583085319558527 0.16052691579207612 0.20594913586280494 0.5286909967981654 0.6213166253336605 0.6566988515287335 0.8511498055582201 0.8661109842908722 0.9436542810713354 1.028601015967781 1.1464675792252446 1.1930125918281385 1.3157413792111954 2.1315002843789004 3.0788690377683943
189 2268 0.7838742883952373 3.1173959459565066 0.02834035754331162 0.02834035754331162 0.1583086794444266 0.20301539739902064 0.5305845111662997 0.6255688516159524 0.6495553477809548 0.8459382325447758 0.871048830847566 0.9421627077570871 1.0219456317375306 1.1585161516609546 1.1735633564149959 1.324912059990301 2.149073430856219 3.1173959459565066
190 2280 0.7948506779713425 3.2415561383733675 0.028413498322618424 0.028413498322618424 0.15484263531000012 0.20016110120588299 0.5292323971600783 0.6290057155849826 0.653379100269204 0.83717038603187 0.866922022915331 0.9515778092026543 1.041349784894497 1.1387064202596586 1.1743341597389674 1.3186986741542897 2.1568780266007295 3.2415561383733675
191 2292 0.7883355031805976 3.349836551783303 0.027880039663611394 0.027880039663611394 0.15506497936663963 0.1998056867778492 0.5296701568053219 0.6315216909613867 0.6445273519618412 0.8309522545880227 0.8574778033098687 0.9470569736502622 1.040108144714722 1.1311834710226403 1.1737477589662069 1.3138947574432425 2.161755360935074 3.349836551783303
192 2304 0.8210998503263263 3.336232347287738 0.02771274706815311 0.02771274706815311 0.15405874352282226 0.19589509207388472 0.5194579172781129 0.6231561427087194 0.6473582581658852 0.8273735952751758 0.8546235656896177 0.9497787095491267 1.0364546835166086 1.1250830476740112 1.1735333843236522 1.327731999968758 2.181523012470588 3.336232347287738
193 2316 0.8622887829306732 3.5718813022161076 0.02737192403084185 0.02737192403084185 0.1482490467586085 0.1948223181975746 0.5176588143724289 0.6122326323471249 0.6467460554640431 0.8096600984754667 0.8546502717300716 0.9427070030027292 1.0386287570876305 1.125006124392219 1.172908173638865 1.3328010695117012 2.1887274911132923 3.5718813022161076
194 2328 0.8922196168515663 3.729389468499898 0.02706608284336238 0.02706608284336238 0.14537136388101343 0.19356245755244447 0.5156225745608354 0.5981348653274247 0.647238727032591 0.8071810869045154 0.8532009122356436 0.9534984944646727 1.0327376463850446 1.125562735940662 1.1651562405557054 1.329529662494153 2.2064134670970246 3.729389468499898
195 2340 0.9331441505415436 3.784763822943257 0.02602535516879493 0.02602535516879493 0.14432844352055033 0.19157031862806356 0.5180731611433497 0.5992273941172102 0.638345027854448 0.798489315539984 0.8575398096049371 0.9472084136662545 1.0360931601428427 1.120534312659279 1.1758694929157734 1.3293838342184612 2.2745333794600637 3.784763822943257
196 2352 0.9723840069443961 3.837547612495308 0.025463702779732828 0.025463702779732828 0.1427121278516228 0.19175916206978674 0.515832335513784 0.5934075443258946 0.631264150533152 0.8042221134124008 0.8588650534320106 0.9429296097425243 1.0122261734495104 1.1092566021953716 1.208036471830586 1.3548730943432727 2.296982488819351 3.837547612495308
197 2364 0.9611085769037598 3.908577214772284 0.024949860404205697 0.024949860404205697 0.14108878553043425 0.18996877136753076 0.52134768662111 0.5892643280970656 0.6400773165331446 0.7976208988764812 0.8536451525819302 0.931296305581387 0.9991566927146673 1.114769979220977 1.2190000764750502 1.3660858254990778 2.296052190732795 3.908577214772284
198 2376 0.9313604062694586 4.011380571752248 0.02429809964575568 0.02429809964575568 0.13954930180461667 0.18794181478028088 0.5214758595922121 0.5813934903301906 0.6484163167603726 0.7992201658494256 0.8532693804023416 0.9391178789734227 0.9957661874949655 1.1044910180325052 1.217012142249413 1.3628752950259901 2.3019365663435325 4.011380571752248
199 2388 0.9196400124988251 4.049816070921127 0.023358089368432484 0.023358089368432484 0.14019250178170772 0.1833226352817815 0.5207520167222954 0.5750033341010922 0.6490644382612484 0.8005150400036122 0.847788770688656 0.9338586098946049 0.993381745267733 1.1224068914447467 1.2291272673290854 1.3690934638989083 2.28923461686681 4.049816070921127
200 2400 0.938833185063657 4.150910264827976 0.023358399442352743 0.023358399442352743 0.13739238792693712 0.1814475509969232 0.5238827860470796 0.5743704318120053 0.6489962885918291 0.8009671038808096 0.8426566721796941 0.9342255516879245 0.9918016665937568 1.127462787088006 1.2274320706674544 1.351031724595326 2.2732542820109236 4.150910264827976
201 2412 0.9417244199728495 4.243552887596208 0.023342559576253807 0.023342559576253807 0.13696913660759877 0.17856370630145152 0.5273818996550623 0.5784942066989578 0.639284869428842 0.7992233977658022 0.8399167271817201 0.9330225275739918 1.0020934688897307 1.1333110741436268 1.2256863741710713 1.3534956297224663 2.235690493145549 4.243552887596208
202 2424 0.9370948937156778 4.302699577614025 0.022680206852150345 0.022680206852150345 0.1323641703822177 0.17806312108133515 0.5274087898013972 0.5791524033893954 0.6388480724481126 0.7968444394116188 0.8394863257913122 0.9331878557731607 0.9916675274593373 1.1282073300714026 1.2595742864530337 1.3583790335374755 2.236035430801688 4.302699577614025
203 2436 0.9703248587921781 4.414748331647222 0.022576401099932104 0.022576401099932104 0.13016535461185383 0.17521331946997948 0.5190257368064031 0.586112743374351 0.6389095743762266 0.78328004665573 0.8364614973932359 0.9281782919586663 0.9890708999782735 1.1250040623046609 1.2742199928096216 1.346747246373438 2.236247452376706 4.414748331647222
204 2448 1.0047450045999786 4.6898303810978215 0.022370683915432843 0.022370683915432843 0.12931549347836896 0.1728378426642301 0.5143297628355054 0.5972419889208549 0.631637015958031 0.7805801068650461 0.8275206073695166 0.9261703860342131 0.975095051631215 1.129819513841125 1.2708973558170062 1.3520734416128124 2.206730460508036 4.6898303810978215
205 2460 0.9768587482328771 4.890919853515846 0.022107703382003803 0.022107703382003803 0.12787698524884017 0.17050905508519335 0.511015663854355 0.5909759387768952 0.6308393040128809 0.7774849274194036 0.8362459173752933 0.9396717434913475 0.9762657652005314 1.12103093506474 1.2655982686091563 1.358927117245896 2.1936831889764408 4.890919853515846
206 2472 0.9656540505546642 4.971264698755775 0.02157342646968555 0.02157342646968555 0.12554531972433403 0.16872585580986527 0.5079248003707268 0.5950717495293673 0.626502896676181 0.7860596332027587 0.8419471584584971 0.9455097327680347 0.9753131282822095 1.1001861077370116 1.2753775474371034 1.3623896377252869 2.2100841432550706 4.971264698755775
207 2484 0.9434037088562339 4.935509796775192 0.021229776482667658 0.021229776482667658 0.12323246729296394 0.16686186595965039 0.5138595371470831 0.5915779330299236 0.6181863676717132 0.7850886996312788 0.8413026574988477 0.9607294647767655 0.9726460468506911 1.08769504476264 1.311230975742543 1.3755586354080387 2.195797656432259 4.935509796775192
208 2496 0.8916448778177999 4.92782636929573 0.020770550316456547 0.020770550316456547 0.12227981500914306 0.16170406377215915 0.5088367898544932 0.5998034859935972 0.6149754396674502 0.782941654999227 0.8468995223800495 0.9577874480936147 0.9649775709973626 1.0805150716421779 1.3046883880864288 1.391684866852706 2.2176031854442653 4.92782636929573
209 2508 0.9146080099950327 4.877840659408647 0.020237011510888983 0.020237011510888983 0.120753353699999 0.15852236716903473 0.5098956729255655 0.5991460610563385 0.6150166341493717 0.7851312009513524 0.8432503183630313 0.941175656280153 0.9729170926537243 1.0902187440256321 1.3041662297181378 1.3974385098642976 2.1983453228568965 4.877840659408647
210 2520 0.9517002038824637 5.031158444019342 0.01999131117045389 0.01999131117045389 0.11942326101494152 0.15746711731574387 0.5124344376577796 0.5945974329494138 0.6078505169327325 0.7828210489793401 0.8570560499134068 0.9540295626646381 0.9791391148821675 1.1057359745081718 1.290737240547827 1.4307038376194707 2.2101993505200346 5.031158444019342
211 2532 0.9226451672271159 5.121456802661782 0.019895644206411833 0.019895644206411833 0.11647238522898248 0.15678256775338875 0.5069178584729355 0.5961819225274044 0.6084956514062884 0.778799791959579 0.8751692730639725 0.9418157483158823 0.9756795492932385 1.0964158249396665 1.2795392579742844 1.4557612007449914 2.2023808096275843 5.121456802661782
212 2544 0.9293089159013681 5.11917452412268 0.01966719358666682 0.01966719358666682 0.1151432231527791 0.15511792592376436 0.5093786671421707 0.6010563468733774 0.6056216874729748 0.7761019830782601 0.8798195882991215 0.9354369043131051 0.9678715794114796 1.0828514619178584 1.2695735981893694 1.4704138368479032 2.1872280933671395 5.11917452412268
213 2556 0.9230465124826436 5.13964939791922 0.0196875661460151 0.0196875661460151 0.11507093848557384 0.15141107643073215 0.5049600484449217 0.5808006212684349 0.6086996544782797 0.7712306614147241 0.8846479575995561 0.9377149046277233 0.9690460378417856 1.0745324899243929 1.2735700664612828 1.4954221018694798 2.2149851471798168 5.13964939791922
214 2568 0.9087548817662712 5.060277637752043 0.019512394736089733 0.019512394736089733 0.11512936261970431 0.14608462662545663 0.5036047051848135 0.5824063297662833 0.6096721426686145 0.7739864937264362 0.8679367357236105 0.9548430440123417 0.9695073996834297 1.0749184950037243 1.2925382975264685 1.5004414270548885 2.2023087243444293 5.060277637752043
215 2580 0.9269635916827998 5.079886353483858 0.019492875920100117 0.019492875920100117 0.11388559215442809 0.14486222042083485 0.4921280584091525 0.5760269154401672 0.6071965142738567 0.7747678220931311 0.8815586274692997 0.9423551277685328 0.9610776031051093 1.0874524608277878 1.2997445285060925 1.5082408426004135 2.183088675717862 5.079886353483858
216 2592 0.913162881952579 5.039639196945443 0.019299161043063152 0.019299161043063152 0.11023980502831711 0.14248308040905575 0.500484417164475 0.5723268963894065 0.6046747382860296 0.7737769854422177 0.8817799818134078 0.9386391872816275 0.9594542116104758 1.0851130392332071 1.3427371968186426 1.4982248656500623 2.1732319248070047 5.039639196945443
217 2604 0.9302313032848362 4.930133235944886 0.019080813086436745 0.019080813086436745 0.10912629538602028 0.13915999889605032 0.49898535894135637 0.5716005388869152 0.6037384742252387 0.7768059874508039 0.8871636601539602 0.9489743723255185 0.9575578953001005 1.079715659178826 1.3617832248575412 1.5030651701762279 2.166165189995754 4.930133235944886
218 2616 0.9123988163078438 4.961180680995304 0.018875422638736775 0.018875422638736775 0.10581845669898787 0.14011602478087595 0.4907012439138838 0.5621058786178794 0.6101577292628122 0.780426880479 0.891038063272328 0.9443466157114047 0.9548270632348185 1.0967170670593125 1.3980580701799095 1.5038014197732226 2.1809290784267485 4.961180680995304
219 2628 0.8976857657138 4.941731269294956 0.01876156378938453 0.01876156378938453 0.10400330476240272 0.1401172858531683 0.49565956599290384 0.5621626748032325 0.6152885276738205 0.7867467063854492 0.8776170044667636 0.9395049577601386 0.9497949672324668 1.088252370719923 1.418757704646954 1.5010138100310209 2.1655392069496076 4.941731269294956
220 2640 0.8817705731683181 4.948652423272217 0.018474314171642546 0.018474314171642546 0.10210185925780453 0.13924670813776233 0.4968019449445094 0.5635954973951 0.6152133711600279 0.7903218100958159 0.8803102689868825 0.9289439596807857 0.9773817860957705 1.0832644107797356 1.425936570115624 1.5280452640687923 2.135415904685372 4.948652423272217
221 2652 0.8696888071888945 4.90466134314179 0.017842278371620814 0.017842278371620814 0.10046150700841756 0.13940992773526034 0.500671284925287 0.5652055396496833 0.6246050894038884 0.7901967173199848 0.8796913770994917 0.9175106304019519 0.9947669399743447 1.0774727305981406 1.4172448504603112 1.5251195379867424 2.159028057634063 4.90466134314179
222 2664 0.845177260211068 4.901189103309951 0.017492646326593784 0.017492646326593784 0.10007636351179858 0.13589038488676847 0.5068989366234641 0.5584401830586831 0.631548603322501 0.790825005337898 0.8780893405081325 0.8961234418924449 0.9833378448211691 1.0927891685459694 1.4309402593861844 1.5274913972591433 2.193973133050646 4.901189103309951
223 2676 0.870501883510055 4.826064483493365 0.017308245143139545 0.017308245143139545 0.09973554144579819 0.13290700729133892 0.5023717793388527 0.5605750976810013 0.6342924433847223 0.7939192043759133 0.8716749430014606 0.8921327037531624 0.9864623130652674 1.0959784657789087 1.4261372255884406 1.5302145075816715 2.237608703198284 4.826064483493365
224 2688 0.934761609031 4.772702598138981 0.01727852329794917 0.01727852329794917 0.0966750418613274 0.13255891307522 0.5027014681286036 0.5621970870786859 0.6279666503231524 0.826741693842519 0.8762620103681559 0.8930419758590574 0.9763550881149344 1.091817593560578 1.4193126509867966 1.5256895767139116 2.2392252396824204 4.772702598138981
225 2700 0.9901189168441402 4.742498996795613 0.01707810753703675 0.01707810753703675 0.0955423464204192 0.13232569045314949 0.49717440749623754 0.5680608392996156 0.6183882170435807 0.8502435374336912 0.8730133660205348 0.9083342756586573 0.9795302461806148 1.0869023295254694 1.4086922752135358 1.5122633737404814 2.256421413653916 4.742498996795613
226 2712 0.9633792732850532 4.680261472080117 0.016723406336925737 0.016723406336925737 0.09464981064449365 0.13141685437858952 0.4919417444721155 0.5705915893675791 0.605335590235306 0.8548176003348734 0.8683262351854206 0.9309706259265806 0.9868545381994382 1.090515763834161 1.4169428148462846 1.5098376339480377 2.292094178785104 4.680261472080117
227 2724 0.9826385110841135 4.561459031294213 0.016670754150104345 0.016670754150104345 0.09315255106576871 0.13127772328740367 0.4782059259268403 0.5762838359032332 0.6048821168876294 0.8578877711118668 0.8669584368992421 0.929055037880882 0.9920444001815454 1.0848176118133779 1.4218306196251858 1.5195621241467276 2.3008421100861116 4.561459031294213
228 2736 0.9812935046028766 4.612189550261404 0.016271744121796498 0.016271744121796498 0.08916887160298019 0.13075124918728045 0.48076788127453796 0.592733537594088 0.6046649125709445 0.857738453002177 0.8623402385837895 0.9305000079048352 1.0012842244997784 1.0675718929692894 1.4179006460294519 1.5276573796005968 2.338200656679656 4.612189550261404
229 2748 0.9474204322310694 4.604361153843583 0.016103983431778667 0.016103983431778667 0.0871751551211041 0.12734815765935936 0.47854942834638825 0.5968568240637404 0.6132496362730484 0.8617783991506162 0.8679736352035771 0.9353617725878663 1.0041660501044007 1.076797161398365 1.4237534307278956 1.5351812230973951 2.336258366503406 4.604361153843583
230 2760 0.9414692803034252 4.591242412467255 0.015932627099960947 0.015932627099960947 0.08625781382019784 0.12610485184243023 0.47464920935652 0.6009456119338747 0.6147326218479502 0.8501819804010995 0.8617593712675252 0.9386863073809466 0.9990594840861495 1.07756539034834 1.4180200382714705 1.5310678022259028 2.3307932147661985 4.591242412467255
231 2772 0.9018934398168766 4.707577026721611 0.015951701318040558 0.015951701318040558 0.0848824713033187 0.12654262583613396 0.4782527439962942 0.5984697118799479 0.6173187317600217 0.8397177452569065 0.8671410173986684 0.9182530483333939 1.0122648649122827 1.0647973537918813 1.4232536738310195 1.5209797891162375 2.334620150802177 4.707577026721611
232 2784 0.8866933049462322 4.719214903916052 0.015625708565655608 0.015625708565655608 0.08391122556768289 0.12568735817834517 0.4694090987444629 0.6053634512871309 0.6220164091901613 0.8254932593223313 0.869560091757899 0.9126306357316321 1.0171827687280166 1.0693015501520104 1.4291031994700385 1.519137652155712 2.331438726872128 4.719214903916052
233 2796 0.8365812126781699 4.70536947585154 0.015096398366851385 0.015096398366851385 0.08328640481262813 0.12574610696948468 0.46692626793750747 0.601762450711369 0.6194921002158487 0.8241209162165156 0.8659111409927907 0.9131719385886552 1.0250913323065545 1.0652125856351307 1.4489100262098848 1.5229654226083393 2.3468963375433693 4.70536947585154
234 2808 0.8040511413658403 4.671717895006808 0.014703957611432273 0.014703957611432273 0.08265220867459028 0.12525955108147785 0.46195675168725253 0.5977571405587943 0.607695256515953 0.8234064323071392 0.8642944358465378 0.9411823266247515 1.024354798259345 1.0688027876581807 1.4572719812480708 1.5214886364423001 2.351491796809258 4.671717895006808
235 2820 0.7677399406679826 4.702839704600151 0.014365677017366964 0.014365677017366964 0.08163936739673147 0.12575782537671212 0.45925821190459865 0.5975765808017762 0.6060028817983233 0.8079063106539234 0.8670086164698 0.9382761864616299 1.0554265988751037 1.06796056507317 1.449678908119667 1.5018299435463842 2.3737842907265216 4.702839704600151
236 2832 0.7400140869975957 4.651239004856086 0.014247163979125572 0.014247163979125572 0.07967690932227121 0.12469784200042974 0.46259234165856794 0.5921250833613471 0.6019542993239613 0.8023286467859134 0.8665294937119569 0.939058448323756 1.0496227507337108 1.0874702284739133 1.4425820612532796 1.5000645088327074 2.3873359364661386 4.651239004856086
237 2844 0.714208873527417 4.639077627055271 0.014076343351308316 0.014076343351308316 0.07845874041052837 0.12334864263501737 0.44871604217151345 0.5929065221881864 0.6067422612639827 0.7982057242331835 0.8643244613361064 0.9488029390540371 1.047073845924234 1.1022577122140549 1.4182284736595323 1.4920520188149344 2.384074873382265 4.639077627055271
238 2856 0.6957287112498659 4.636204631728359 0.013818880563878103 0.013818880563878103 0.07836599987423189 0.12162373606835324 0.44646367567314066 0.58930737379997 0.6085897226829631 0.7934655336711945 0.869739606678893 0.9524427275437894 1.0575116750283815 1.096106499613887 1.41318175931491 1.4831633178112942 2.3785556192907715 4.636204631728359
239 2868 0.704707078732865 4.597991092132561 0.013707976848996464 0.013707976848996464 0.07729916067943948 0.12032278424083982 0.44595664831776777 0.5873365045875085 0.5991564130858 0.7813547052564351 0.8804632826312859 0.9549297602609922 1.0604849355647208 1.0974368000228247 1.4093068325144646 1.4974374218667312 2.3974594094094193 4.597991092132561
240 2880 0.7555702398415355 4.619789631716994 0.013567207212886512 0.013567207212886512 0.0768084016263949 0.12047078332366726 0.44667659701882895 0.5900051900184264 0.605919798397318 0.7726822981018733 0.8710645601988031 0.942857464977647 1.0635488665200006 1.089798209118508 1.4391457674547918 1.4979880163309878 2.3944344286732266 4.619789631716994
241 2892 0.7491813855817253 4.530790366546378 0.013203817091890124 0.013203817091890124 0.07655772043828624 0.11946197469033326 0.4446677522663036 0.596819199669839 0.6079008586876149 0.7664187796857953 0.8951620298512589 0.9424710076866972 1.06383767570571 1.1030463622109181 1.449589799631762 1.509837857973181 2.4716927429082167 4.530790366546378
242 2904 0.7739095221253175 4.5399519656784255 0.01310072960859842 0.01310072960859842 0.07542470162041105 0.1168511389943374 0.4394452476043616 0.5949420244636096 0.6083513536738542 0.7627901708369614 0.895303491310017 0.9346822065138979 1.0545761237164628 1.1005485613442456 1.4482909775765807 1.519929957029391 2.4886220846252494 4.5399519656784255
243 2916 0.7678276378097469 4.512556321392948 0.013007858719872815 0.013007858719872815 0.07487159612121123 0.11521043113712258 0.4392957352437667 0.5982950755644172 0.6056902228533813 0.7655596393374097 0.9035026841108657 0.9307786363975332 1.0371068899300337 1.0970811401810823 1.4430598656477185 1.557001805848191 2.489514940186285 4.512556321392948
244 2928 0.7210801699363747 4.442402161283001 0.01296001271758663 0.01296001271758663 0.0741792882875549 0.11416742422697454 0.4391858476732142 0.5931417203795668 0.5966426917695089 0.7630651395966647 0.8987664999099042 0.9259641126075739 1.0297842006554858 1.0830201613080568 1.4325653125004107 1.5905429362869934 2.508630070126397 4.442402161283001
245 2940 0.6673228401772153 4.3488069327220735 0.012645493850906846 0.012645493850906846 0.0734158605457767 0.11315840772260533 0.44031763213563624 0.5909571391549171 0.5986672074494352 0.762088484577423 0.8976851431319457 0.9181601606795438 1.031805964645258 1.091821931482354 1.430395836443309 1.585891041544394 2.5267532934321872 4.3488069327220735
246 2952 0.6573150159870601 4.323511870773583 0.012627130913640604 0.012627130913640604 0.0726986437400313 0.11229815261683791 0.4407039699228923 0.5798934934702132 0.5959248097973748 0.7565479321103603 0.9025958108573918 0.9150591941436779 1.0372025517893415 1.0921712648724111 1.427479603875667 1.5736629083784361 2.4804781770068076 4.323511870773583
247 2964 0.6514233365190789 4.361678840786368 0.012418152671003362 0.012418152671003362 0.07240828198038107 0.11083589935171102 0.4327708713531177 0.572860722717094 0.59137851713649 0.7527884378063069 0.9079377389448882 0.9183709126494873 1.0279689423226153 1.1395989380245253 1.3920541061138283 1.5688282789597658 2.4648991021569007 4.361678840786368
248 2976 0.6212870487005621 4.313960267939835 0.012029655960936806 0.012029655960936806 0.07154717936077025 0.10875720061940256 0.436241213340598 0.569123358194518 0.6071165424058442 0.7447852106640142 0.9088974174067654 0.9125765626644993 1.025403360662609 1.1615925687524726 1.393569649767996 1.5602858596917688 2.494357807333799 4.313960267939835
249 2988 0.5921127660806893 4.340201721608052 0.011891082866573576 0.011891082866573576 0.07071781291091375 0.10722621676229961 0.4372624655615377 0.5666240060260406 0.6004837804734163 0.7416766447206571 0.9015835801894238 0.9401445009314903 0.9946753091116716 1.1828974848873153 1.3802992894960961 1.5694774839475412 2.4713595676873044 4.340201721608052
250 3000 0.6166179901934797 4.309805112284097 0.01154328333696189 0.01154328333696189 0.06957074705265281 0.10552835455804457 0.4403135625089245 0.5644269146734738 0.5992456752015303 0.7389370625484927 0.9043152227714739 0.9442706228418584 0.9901580845291986 1.1885218522498286 1.3756527597756483 1.5826176793109215 2.4786277516262407 4.309805112284097
251 3012 0.6168998467246061 4.26776391945239 0.011373699298436114 0.011373699298436114 0.06841773504325178 0.10419381114462156 0.4410483004925141 0.5613028076143913 0.6073014872806182 0.7338869740775081 0.8946816555503901 0.9375475109936408 1.0001625376524377 1.2412147395100301 1.3873355171483976 1.572695058795715 2.477833372775297 4.26776391945239
252 3024 0.6135870977293849 4.262697438246459 0.011265886321716614 0.011265886321716614 0.06683983050731922 0.10399848379830448 0.44268281636120743 0.5496808594858557 0.6049091137142113 0.7355378156518841 0.8863691801466439 0.9349694101801234 1.0084163064542233 1.2778927504688145 1.4068491041057287 1.5661724396329275 2.435597197613965 4.262697438246459
253 3036 0.6085515667879027 4.1975099677356225 0.011124369007161319 0.011124369007161319 0.06535343007925697 0.1043990000214491 0.45284413484560726 0.5497684529603738 0.620749607716602 0.7265777839822484 0.8750050810815972 0.9296626879935548 1.019341318319711 1.289489528038288 1.418369862801757 1.5657456401101462 2.4334405197631765 4.1975099677356225
254 3048 0.6260899482160598 4.154193584426457 0.010886973616970982 0.010886973616970982 0.0641950352538838 0.10159084810908081 0.452705922369472 0.5464302655741452 0.623026467048318 0.7295285594983463 0.872831149171211 0.9439423622490876 1.0274161065006338 1.3175915451839213 1.4294109949693106 1.56791168121355 2.4213930539424755 4.154193584426457
255 3060 0.6354122412983848 4.1054223190666725 0.0107529634996414 0.0107529634996414 0.06333368937321032 0.10162732479405441 0.4624814171049943 0.5337510996004226 0.6319401051972975 0.7344402455733674 0.8702123784008705 0.9413085024851001 1.0416325487690914 1.3400911141138119 1.4424115897504772 1.5882773849714875 2.4122418675789357 4.1054223190666725
256 3072 0.6298654637322547 4.128313680569323 0.010652096913676084 0.010652096913676084 0.06283292665651401 0.09980738276035099 0.46024952704357763 0.5410656938337727 0.6248373000849967 0.728421771051865 0.8661872752395497 0.9417798197716556 1.0334187749614865 1.3526194959779694 1.4421470319846155 1.607387954213491 2.3952766373324414 4.128313680569323
257 3084 0.6082102270063352 4.166670621675248 0.010492480770827909 0.010492480770827909 0.0623573764389443 0.09876655930382028 0.46206346419220784 0.5254022582299969 0.6192264998461438 0.7325197797489617 0.862567081030477 0.9393400142988112 1.0371465070120767 1.3556798748038708 1.453732108181584 1.6092376975169722 2.385080415383252 4.166670621675248
258 3096 0.6244059013258189 4.181155274034902 0.010139141548265944 0.010139141548265944 0.06224085009970815 0.09684652993090412 0.4604511129580744 0.5297949985721304 0.6238373501919307 0.7246795287009844 0.8640555140566025 0.9355668485462425 1.0303310350877022 1.3717818859161126 1.4600427096092123 1.6159695076393727 2.3702080290890666 4.181155274034902
259 3108 0.6884831252894156 4.152285126189587 0.009905325189617259 0.009905325189617259 0.06067586264552691 0.09719899270392171 0.4603210237457165 0.5202487380034152 0.6276759793840673 0.7374432432238534 0.8648507650068472 0.9304064907654824 1.0331529863189122 1.378941883439411 1.4725629443966273 1.6275436033690005 2.3655935167817184 4.152285126189587
260 3120 0.7516921847788863 4.141453251399878 0.009955963508166866 0.009955963508166866 0.060067434725229685 0.09693504156443529 0.45761886489620424 0.5247313726581982 0.6376042066657289 0.7268583059165944 0.8699351504224715 0.9173371392640232 1.0390284715328204 1.364850708442624 1.4952339926083134 1.7011957105542386 2.397040429799502 4.141453251399878
261 3132 0.816904107670359 4.122273724365744 0.00973547253889796 0.00973547253889796 0.059882754290810004 0.09751214797832443 0.45490416180264 0.5296132180243046 0.6345483593215772 0.719053431357614 0.8583206515251828 0.9202835950331505 1.0423605805332128 1.3596028736127959 1.5104478450276622 1.7557148175783344 2.408873602483036 4.122273724365744
262 3144 0.8457601617552164 4.061591133966539 0.00960028346923031 0.00960028346923031 0.058001948761876816 0.09749422563236007 0.45540456802196144 0.5260682643692055 0.6340393713065554 0.719225057176621 0.8700336815211824 0.9178635674543699 1.0450134297164793 1.346491965622302 1.5124883106634688 1.789976902031694 2.435615241542495 4.061591133966539
263 3156 0.8574659844987175 4.062424082576093 0.009442980724857126 0.009442980724857126 0.057573519752295105 0.09675063131934294 0.45882159940044687 0.5193721238178342 0.6367471947777342 0.7203118145751765 0.878014086113728 0.8988498510646764 1.0466033777814583 1.3540112636999304 1.5117400763336675 1.771778365714392 2.4544025998881236 4.062424082576093
264 3168 0.8904806977011609 4.071033315459897 0.009339700270694433 0.009339700270694433 0.05627909617487811 0.09680421908429523 0.4587682414805016 0.5218296225108215 0.6281737078891836 0.7288511514874028 0.8845538502422798 0.9026553413350362 1.041207363338774 1.3508862590965438 1.4594613329000765 1.7609386515944923 2.469657080764989 4.071033315459897
265 3180 0.9815367179445522 4.075168925190923 0.009198285524831012 0.009198285524831012 0.05634918644323823 0.09685452972406577 0.4600626490208838 0.523303201048235 0.6236691964102057 0.7273152200283276 0.8968999677254296 0.90493585482125 1.0348385640537026 1.3400531935534847 1.4297913652996783 1.7285570737359173 2.5223158429359627 4.075168925190923
266 3192 1.0743255405009637 4.093748555684737 0.008939260951237815 0.008939260951237815 0.05583636406227946 0.09702341464077437 0.459364587602961 0.5142530776395783 0.623200775992642 0.7228837243743461 0.8950352778896198 0.9065310318954729 1.0307404331574763 1.3276492703289746 1.4553395037701937 1.8074577562285543 2.596539933942406 4.093748555684737
267 3204 1.0194645999618428 4.1342572435681335 0.008782132314473782 0.008782132314473782 0.05500494598977731 0.09638071193512301 0.45598802918655723 0.5171575252311224 0.6260566242132128 0.7157677055267974 0.8936777938761952 0.902200027135793 1.0200094864079778 1.3158763641858706 1.5062893741479944 1.8482928525066498 2.6268748305795637 4.1342572435681335
268 3216 1.006943126347598 4.104663467262687 0.008772662751265536 0.008772662751265536 0.054030700369947005 0.09469227339307358 0.4590627649496973 0.502632604631319 0.6259673048373338 0.7085754588836565 0.8843367871192821 0.8969642043698444 1.0314096691591377 1.3233589246082085 1.5082863875427555 1.8574378446201578 2.6463242322574176 4.104663467262687
269 3228 1.037761899080576 4.090602253318328 0.00846758453005684 0.00846758453005684 0.053278456065279076 0.0938610647872387 0.45926626468639437 0.5026886378867716 0.622336229194492 0.7120407886716186 0.8773324563193758 0.8909696921123651 1.0519589706295287 1.3305350070950863 1.5043141705874963 1.8581360372645699 2.6666142329805433 4.090602253318328
270 3240 1.127344930742779 4.0354809252943085 0.008339258838987096 0.008339258838987096 0.053054468721102414 0.09203338451960273 0.4518194012152785 0.4983192254865459 0.6323698866988108 0.7146922904714076 0.8799956999497328 0.8899932109618923 1.049234439795324 1.3492115024868756 1.492291508538026 1.860000826990724 2.7177558816244316 4.0354809252943085
271 3252 1.1997369638911646 3.9613852176118622 0.008268663773842545 0.008268663773842545 0.05307633501726407 0.09147514131593135 0.449705703230811 0.49205114692171037 0.6284347050245571 0.7116296621845881 0.8835560681266933 0.8849366912530173 1.0410866517980364 1.3598468678935292 1.4744435448709183 1.9066658272352017 2.834123200440223 3.9613852176118622
272 3264 1.2694418766620215 3.8930346564210256 0.008269905483099001 0.008269905483099001 0.051960869523737324 0.08900599171434383 0.4480273739763105 0.4866205873335417 0.6274796897380547 0.7054711276104249 0.8774517242116385 0.9001557601756056 1.0491322918638748 1.3844335357994304 1.4652844814407133 1.921617583310682 2.8996350989030963 3.8930346564210256
273 3276 1.349013946762758 3.9040931593152837 0.008199355616813555 0.008199355616813555 0.050534775887858464 0.08787808375865118 0.44064736380208025 0.4846873928815539 0.6251269483645026 0.7082893586546857 0.8764522109732117 0.906114562868617 1.051031065942148 1.3794760077502526 1.4717902482917116 1.9125137021116647 2.986015021291632 3.9040931593152837
274 3288 1.3282556764946574 3.9015648668585903 0.008130385948814114 0.008130385948814114 0.048582308186882285 0.08773352983019271 0.44564806114432026 0.4836763450310717 0.6257091474000701 0.7008095816291166 0.8660461291738512 0.913438457047918 1.0327802314540035 1.387188415514441 1.455757940159417 1.9100747143189551 3.1565323962640752 3.9015648668585903
275 3300 1.4110305191729513 3.906403784607487 0.008011157722763045 0.008011157722763045 0.04859460358217471 0.08706151437906595 0.4459062370969211 0.4788239266615286 0.6258353283687418 0.6988990077492543 0.8636036844882125 0.9095604398714446 1.0220241539318515 1.4021259029804283 1.4540394183297984 1.8880921043326415 3.220055928595385 3.906403784607487
276 3312 1.425731879570016 3.8994111409849332 0.007919563942016693 0.007919563942016693 0.048113432552978855 0.08670359920930028 0.44238976433285765 0.47801467693854055 0.6237345556949683 0.6798340908844307 0.8587798524615207 0.9127899318789743 1.0111074195920549 1.3939294710467045 1.4479014630437401 1.8934754665654474 3.442286041397775 3.8994111409849332
