% # columns="iteration, evaluation, sigma, void, void,  stds==sigma*sigma_vec.scaling*sqrt(diag(C))", seed=342524, Fri Oct 13 12:19:27 2023, <python>{}</python>
1 12 1.6345668181687718 0 0 1.6747223520537604 1.633786595639377 1.6353525468199441 1.6651101386438978 1.6141809748811562 1.6366158871924774 1.604608404081722 1.6143553703671731 1.637999445555173 1.6056158223113568 1.6482593404291634 1.6324682151789027 1.6337458791025758 1.6363133349699106 1.6485983869838499
2 24 1.5338164574921207 0 0 1.5760647800315737 1.5337049467814674 1.5298594615234544 1.5731651723616031 1.5115300674065146 1.520628747389683 1.5101874717821393 1.5132054166700015 1.526929127510946 1.502404965326245 1.525399086236157 1.5273626159148537 1.5121607906311358 1.5311390048476576 1.5505759328493016
3 36 1.4784590879255348 0 0 1.5145212454699517 1.5129339139156222 1.4807957201885595 1.5186157511588536 1.450347957780672 1.459025282221072 1.4420596894982638 1.448629582033853 1.4792360965463953 1.454648179663631 1.4635764521713714 1.4780328347858263 1.4444910868213863 1.4608866444716784 1.5029204661233397
4 48 1.466979935984978 0 0 1.4840835673073869 1.4710695050716651 1.4650520842846844 1.5005969966996708 1.441319317361254 1.4672435568853917 1.4279463704625242 1.4861430920808953 1.4763571896619077 1.444180454756325 1.4414532488352907 1.4570784227013782 1.453794591448714 1.4237874655278904 1.4815497769170884
5 60 1.5161199185554648 0 0 1.5010214539273323 1.5321594938652037 1.5014718739567572 1.5503569104208028 1.495843684294686 1.5221839892411009 1.4929853211780808 1.5364721394330965 1.533970118468406 1.4859984752678521 1.5080483391117079 1.499615376467836 1.5147008031027271 1.4653179213543621 1.5129324697709958
6 72 1.5745573666546413 0 0 1.57746293613031 1.5852816542264183 1.5725897665077735 1.6016603663307836 1.5584194429068763 1.55859707453366 1.561442700161792 1.5916189898234028 1.584077483828073 1.57501671674406 1.602218186918314 1.5509950373559358 1.575791179719544 1.5090126402145188 1.5484307667047372
7 84 1.595840528415133 0 0 1.6010791816714556 1.6008991738762506 1.5898020416588485 1.614491897437529 1.5608888568602086 1.5708103990421969 1.5584679229845817 1.6132774859493144 1.5825050389483668 1.626194645185997 1.6233498971858384 1.5640615511574316 1.5864900160932212 1.5715775027547854 1.5570761996822042
8 96 1.6619644232395463 0 0 1.6930383191367775 1.683486288655514 1.6638088786347667 1.6749951034806971 1.6102389348997252 1.6320401334181196 1.6247216687703734 1.6552866884365005 1.7216256955349833 1.6973550096538652 1.6810019319260887 1.61676911171895 1.6328758962876144 1.665314546617743 1.6328148399795406
9 108 1.7089196774233657 0 0 1.739022112665017 1.7548025505340408 1.7023314898773592 1.717026445839802 1.6421844687223557 1.6737587821007744 1.659126833381872 1.6887817796844637 1.8025854459875559 1.7472705416113339 1.7163495009840022 1.6716862567775732 1.663505795633103 1.7279532385332022 1.6804507152928403
10 120 1.715048720964105 0 0 1.7502277066052994 1.7865829955622845 1.7114547511825318 1.7268532238103125 1.6347890184089322 1.6499376055400463 1.641385464523184 1.6992812744867272 1.8347216363101126 1.758453809131683 1.7130718715407671 1.6874457853700229 1.681784824570777 1.7299324234779867 1.6651214098953229
11 132 1.7919999806408793 0 0 1.829701461851487 1.8705134490490118 1.7991856116930358 1.8392832603413942 1.7184185966876944 1.7199401732892357 1.7057111333775898 1.7780895403513657 1.9802386325029342 1.8566889545149408 1.7666034153056278 1.7676212690108195 1.7168282677509215 1.7987350335854517 1.7279945072466467
12 144 1.816066649609453 0 0 1.8477163242286025 1.897544204179513 1.8726486487372829 1.8670249086045436 1.7425412122029014 1.741468339889116 1.7374211353945879 1.7878408833744368 1.9966000780079127 1.8908213156238736 1.784479665270864 1.7794163624257968 1.7405827467295711 1.8420884800309116 1.7542485642883394
13 156 1.7986675517159838 0 0 1.8042599203714655 1.8855310588679883 1.837001707827893 1.8489124217440804 1.7200461551606507 1.7128039481988586 1.7417068447619064 1.76783826058719 2.0152169170145946 1.8595846452486193 1.7267295009165682 1.7531879314427985 1.726363575140056 1.825811413486407 1.7380404958486755
14 168 1.7919513856162368 0 0 1.806389636846169 1.8865790181692665 1.7843373469582318 1.8563773097601415 1.7034784485425405 1.706362245738209 1.752795701794085 1.7862667538893526 2.0285577546952003 1.8360692435181043 1.710396504164678 1.7548519768662216 1.7053688093723247 1.8108128693575254 1.7395196337084737
15 180 1.7380741554300654 0 0 1.763774039255471 1.8451743296030902 1.70209643791522 1.781888202628273 1.6571809643299353 1.642692954087052 1.6910217334202975 1.7429382236909432 1.994800808543763 1.7655731745922352 1.6637779550499034 1.709017357612686 1.6323674961892483 1.756336187361306 1.6660929637834385
16 192 1.6743058902802364 0 0 1.6871375880133608 1.773877591164191 1.6362327731885555 1.7133263770655738 1.5920919831005769 1.56685460690255 1.6428950963305984 1.6660050143181857 1.9319362169809604 1.6797264515268728 1.5956992663349308 1.6495097548664004 1.576944894537421 1.6934306684666216 1.6078431604649839
17 204 1.5737302216979492 0 0 1.563903481465757 1.6620911468615815 1.5203164496934984 1.6030209187245286 1.5004308959411896 1.485401097291558 1.556723792116794 1.5528944010944903 1.8102929959103402 1.5643120803183141 1.503378243033734 1.5363582914071 1.4623455661804223 1.5980413912683176 1.506646045752553
18 216 1.4705153768879689 0 0 1.4633174573701004 1.5503426232946547 1.4225978326346593 1.4988069553089205 1.402693752294183 1.373368629372773 1.4390527958507802 1.4117994641494636 1.6919619610874959 1.459157725472083 1.3997343931952662 1.4467491655349765 1.3612761698185631 1.4777041718099884 1.4063221695963848
19 228 1.384411292771511 0 0 1.3499599155752369 1.4789752003324816 1.3387874304286613 1.4024578253989592 1.3268817941227014 1.2855923929680766 1.3386372505396273 1.3467907174959053 1.5770392877321842 1.3669156177091064 1.3336202050005581 1.340054284534885 1.2808731292509432 1.3744499067261238 1.3205817263429158
20 240 1.379327261986955 0 0 1.3812877254670033 1.4769047337104708 1.3254585298389954 1.383891696492491 1.3218787256037572 1.2842138493245734 1.3330352287272262 1.3354343227997574 1.5539304400530796 1.3823473923684626 1.3354730052892843 1.3928847363789605 1.2780867446060558 1.362725353382199 1.2796517787467174
21 252 1.2926271947743266 0 0 1.2861596738894896 1.3775169901362985 1.232502249703369 1.2786793962053813 1.2272534233062216 1.2031305013667455 1.2448908239801146 1.2614895806858444 1.4706925600628193 1.2886569850698428 1.2615264203827672 1.3195573402280592 1.2004233405251539 1.2815588339406634 1.1922833485312936
22 264 1.2997329195885263 0 0 1.2914792910124056 1.4070029885939106 1.2442196311130675 1.2846919377585588 1.2404881297234105 1.1840300516118134 1.2574267752942532 1.2759129680821015 1.503171158361795 1.2897597730960098 1.2656586115029866 1.3149201186868507 1.196546649161813 1.2875255696491945 1.1901034114052775
23 276 1.3436112717482063 0 0 1.3175451221332009 1.4916597112124181 1.3015813153751126 1.3305198354682592 1.2985627206224588 1.2487299913622565 1.3020016533405496 1.3474245814576904 1.5885228333273778 1.3139903901440033 1.3246868696813667 1.3689451764250762 1.215906055370767 1.3193915601765562 1.2147622567750411
24 288 1.4013503789086394 0 0 1.3638159324172952 1.5730665896784455 1.3634204990864391 1.4159972095445617 1.353031696036701 1.3595873942518277 1.3523487990812273 1.3853571077700542 1.634567708341445 1.3581218561331507 1.3858100003351355 1.4245838369747585 1.2603310728152128 1.373387498451741 1.2548766455842866
25 300 1.4442958880046555 0 0 1.3879048288082643 1.6447993915142618 1.4136396632945119 1.5194564832629416 1.3967274529699343 1.430451909611064 1.4043474558300564 1.4297010524829394 1.6755019625904637 1.4020905597163345 1.4318072170706404 1.4601787211880943 1.2718205605875506 1.4063312998547999 1.258977906886265
26 312 1.4754985137871786 0 0 1.4120162005605181 1.7344625926541797 1.4623869253041213 1.561516092930649 1.4342269777928813 1.4624917729380311 1.4335000699835254 1.4459346690801966 1.7359429704618445 1.4195817756965632 1.4689317223753278 1.4936780764002409 1.2810067467059862 1.4276178954244592 1.2990563804167246
27 324 1.4995539529107704 0 0 1.4208543131166786 1.7723880095422988 1.4817841394878637 1.58097313959159 1.4575048264799768 1.4924602418655533 1.4578781914052348 1.4569645852998296 1.7596757662772688 1.443432909691558 1.4949960122846124 1.5098425478494537 1.2927489096676534 1.4460386295955947 1.31081523071552
28 336 1.4977562495368166 0 0 1.4148428662757986 1.7868953704259556 1.4682395816234017 1.5668029332171758 1.4620235305709068 1.5037589626017644 1.4442571391279817 1.4465996861432968 1.7354289186447116 1.4147628397656165 1.5056936784432424 1.490111450702889 1.3040336892501838 1.4415624819881567 1.317303352135186
29 348 1.4726713989086904 0 0 1.3927435736408247 1.7971227799844656 1.4532128062254945 1.5254541738729013 1.4364470928357165 1.4734828980329844 1.4154877297380282 1.4304611178736375 1.6950828281093255 1.382576745720977 1.4747088359893001 1.4503390761251909 1.2832206349800335 1.4161467424008927 1.302821784293522
30 360 1.5166478806481394 0 0 1.4265642966816552 1.8848947826635836 1.4997119768175884 1.5937089310612687 1.478625006472225 1.5126727841483094 1.4487968317179285 1.4803105349132528 1.7619990811949375 1.4276444698740476 1.5082038090428498 1.4886923106733618 1.3184643604023398 1.4515664214369732 1.3505430426540697
31 372 1.591161831255604 0 0 1.492959738251285 1.9975203666376622 1.5626845691279538 1.6851478419269033 1.5650113330154967 1.5824001883574064 1.5169221230045133 1.5487895521226986 1.8590129903748915 1.4853389247549307 1.5663588169119649 1.5383096512548269 1.392294595708186 1.5145249269942653 1.446576670744354
32 384 1.6423916501695928 0 0 1.5645820155957573 2.0708797323136108 1.604990404669639 1.7549069570976505 1.5975817102796002 1.614471430811452 1.569557700035124 1.5890214159662353 1.9075835944891073 1.5310381505939379 1.6306289618113254 1.586369251596538 1.4273368602004615 1.5654895284126749 1.4999878925515606
33 396 1.761026806887796 0 0 1.687510720244954 2.229060387566646 1.706051135207318 1.866813917195997 1.7168281810569126 1.7541766105651324 1.6686693661394287 1.710100189729509 2.021021139583126 1.6270112925960674 1.7477471795498523 1.701760923948369 1.528056418984727 1.7095410994357956 1.6134345172740583
34 408 1.8464271494718059 0 0 1.791540190149288 2.3378810726041768 1.7906705904173907 1.9761543924188127 1.802788609607297 1.858283668852904 1.7492728434906923 1.797997963008888 2.0955598628543926 1.7112756078639992 1.8580600058943062 1.7570399124219078 1.5890356580302825 1.8055324904597407 1.6998795179628503
35 420 1.9205206718993675 0 0 1.8703042862073187 2.430917241126221 1.866314166948783 2.0589733669480967 1.902423846613743 1.9381390642549383 1.8098726852877902 1.8670429319589155 2.1553354911176443 1.8081845402041143 1.9212693820893467 1.8380476427819685 1.6551303772859443 1.9029868888386159 1.7678027676075547
36 432 1.8148274965128657 0 0 1.7522049728957734 2.276757619372194 1.7755913597563395 1.9114655366276474 1.7704100515255388 1.8189588149828706 1.6939590669535574 1.755826310992092 2.025937888003912 1.7059725027616075 1.8234364115777173 1.7572007898958333 1.5507074539849506 1.8109900139327992 1.6602320570612057
37 444 1.7099623337853553 0 0 1.6422047239913151 2.135782615449917 1.6497196476641385 1.7928738310451862 1.6715676761518306 1.7211167519209147 1.5615191780751747 1.639200895098477 1.8953543168851112 1.5874791399594805 1.7391462233726442 1.6527112656856187 1.470580363867721 1.7053978018073372 1.5678562022111235
38 456 1.6339228675883564 0 0 1.5672032483242326 2.072050017638632 1.5738057731237638 1.7071553538219777 1.5991376840773663 1.6599645040631088 1.4956274835156693 1.5635385831573192 1.8389323334039622 1.499452761568261 1.6506479886838736 1.5880291451893047 1.3959803201313459 1.5846028185182286 1.4871508451023483
39 468 1.5782647145682964 0 0 1.5079539618333542 2.0205932810749103 1.5303748124275423 1.6430226903102358 1.5346536037363443 1.55821237892221 1.4290258168039998 1.4924556519406758 1.7887915249586128 1.4307029447108592 1.6143969353836147 1.5358618242389466 1.3448505060646685 1.5235327351585417 1.4369936949452369
40 480 1.5708219850063072 0 0 1.4908235590184924 2.029634920169885 1.5203331183596744 1.6150233417522015 1.5450384979536849 1.5412108656702943 1.3973595365591571 1.4926106708606415 1.791540666891676 1.4220856369055386 1.6080519867651761 1.5228934161625742 1.339680341213712 1.5117854099922332 1.4276562104917274
41 492 1.5648341594163877 0 0 1.4795145742668456 2.0388372412349574 1.516518198808226 1.6060986618188364 1.5386844843111578 1.5188580045422493 1.3795158824042975 1.4790470547115087 1.7918431900492584 1.4142461003445355 1.6113877990077718 1.5214168454304622 1.3396371784293986 1.5005295260492981 1.4146349496211386
42 504 1.5979456342017067 0 0 1.4928672644841865 2.107972407515761 1.5609677257427372 1.6295304310877448 1.5938643310744551 1.5950373070956163 1.406646914026865 1.528393522231576 1.8182761365117792 1.4396596150647194 1.6561294135546945 1.538049449474381 1.3685649084560423 1.5205831651730162 1.4369779737105366
43 516 1.567455083806857 0 0 1.4524331945961355 2.065897983328327 1.5228123382917762 1.6099981484939188 1.5713556373417612 1.5527623574576266 1.3791631405842064 1.512762434146151 1.7498180119441122 1.403671341485976 1.6462532237335517 1.514927326639986 1.330790533351124 1.490112119020127 1.3907297439708342
44 528 1.5208618264825413 0 0 1.3902328657612917 2.0300123183747747 1.479618505700927 1.5797111885117587 1.5202127903325466 1.5298055287668284 1.3294900963841743 1.4613612911575566 1.69820592066533 1.3436437640180643 1.598754393506083 1.4544094741096867 1.3069292775626313 1.440220104238709 1.3410346926846555
45 540 1.4949455961295048 0 0 1.3705630337492878 1.9885900935470944 1.4619918937280172 1.5706182448228416 1.5076253375347333 1.529132093734186 1.2862629390137743 1.4469367870262684 1.6876072552863186 1.3107430002083311 1.540987493725601 1.4301551690594883 1.298804350655153 1.4226777331605716 1.3127010647645194
46 552 1.5185189793252016 0 0 1.3928357574842483 2.0074962115614734 1.4710767100263156 1.6243218687826049 1.5205592763161648 1.5677716437159304 1.295115649631416 1.457706068624283 1.7020867595047502 1.3179482201319441 1.5551404791953032 1.4760317546986705 1.3383376268584437 1.4747823149534 1.318520010304611
47 564 1.5157790653101557 0 0 1.3933323437718956 1.951654375861662 1.4691982054413608 1.6448686960912846 1.5391367961323281 1.5902682500860543 1.3142648449635912 1.462552029922772 1.7072306296688857 1.3036715621092627 1.5647784649809688 1.4832544360828388 1.3427213505288997 1.4655234011368747 1.3121176840102007
48 576 1.513384911698261 0 0 1.3750719644855263 1.9575409034550415 1.4722806205941557 1.64081148890147 1.536982302521988 1.5754283579250599 1.345368107903693 1.4605190434260478 1.704658951294985 1.3032043882855917 1.557741894657702 1.4756930501625831 1.3409163278997558 1.4708399892743311 1.308355858227878
49 588 1.497251757283599 0 0 1.35876336198103 1.9538242713122775 1.4497406353000872 1.615630067717207 1.520240147260717 1.5851750213409992 1.3247751464239466 1.4559766530390674 1.6742742725068736 1.289262206038328 1.5307332008849273 1.4569837579236744 1.326987071016982 1.4607513878758354 1.2921742559542257
50 600 1.504474368730347 0 0 1.383703829454646 1.9447213591185897 1.4582200500594167 1.6342498505300433 1.5195166304789445 1.6011355559512765 1.301676643013301 1.5119285743833335 1.680616869130257 1.297124166084996 1.5375418046240548 1.4660801847252027 1.3192672676366939 1.4584127728700513 1.2762915510564021
51 612 1.445203399321516 0 0 1.3276959220517701 1.8829912633917594 1.3972131576439706 1.5564230592719024 1.4376592290876478 1.5565692745060364 1.2382604773244472 1.4568650040701392 1.6129753396782829 1.2476111603412618 1.4758324112336008 1.4126158490759217 1.269425154882182 1.3817687873867515 1.2287291302222367
52 624 1.4076090455140895 0 0 1.2770433975757194 1.8459883896222662 1.3447555528460995 1.541840387211222 1.4113521640441855 1.5125211827344702 1.216730084814744 1.4154511515449315 1.5477144683066295 1.2140711329452045 1.428984159900665 1.3554102682991997 1.2361445901800738 1.3517921462693712 1.2074048314972985
53 636 1.310081172803882 0 0 1.1770000359111252 1.7115692390952553 1.2345659158659583 1.4442753634392496 1.316138072481031 1.4149412749078405 1.1211501405276636 1.310009321722717 1.4345641739136212 1.1330106558468673 1.3250869939946688 1.2434477409594802 1.161388423150071 1.257583822339826 1.1075245134398304
54 648 1.2300577353370385 0 0 1.10633974406035 1.603525924974265 1.1469005595965256 1.3500544597181323 1.238686567615971 1.323135377164009 1.0512290208856647 1.2260357798929937 1.3483807599603075 1.0609152529115415 1.2364894580665435 1.1526661260754107 1.0995754452472235 1.17328252645879 1.0192263432030135
55 660 1.175035403682635 0 0 1.0446021637973237 1.5666941585233893 1.0763944314348273 1.281244280857207 1.1900411363719439 1.272485915350848 1.0067774537640213 1.1779076088486984 1.2882200036520124 1.009088974291783 1.1885538789705603 1.101283767700663 1.0580410599895067 1.1087380621802598 0.9740217614244429
56 672 1.094485345555627 0 0 0.936550366005479 1.5183008509602205 1.0069347838267138 1.1907385472380323 1.113728026307087 1.1855682400792538 0.9291999847953989 1.1072996807745192 1.1929600457337053 0.9448812227572104 1.1045330911684754 1.0282587657111162 0.9673033812514374 1.023711222390406 0.9317373535258787
57 684 1.0702677625384613 0 0 0.9149104755801512 1.5038980604657404 0.9842936534758677 1.149373117334814 1.1120037048280704 1.1605804892134433 0.9056492432203704 1.074691965369214 1.1706405381682712 0.9246526365093568 1.0807266536857996 1.0096224309101096 0.9516635064156199 1.0137721929904735 0.924874298617845
58 696 1.0620138787135227 0 0 0.8928760616271236 1.494791034164771 0.9746158923823283 1.132248706025662 1.1035831696350786 1.1548630026101259 0.8938869075711784 1.065964187336519 1.168796448559218 0.933215896036236 1.1053361208939716 0.996475707923761 0.9651410599083768 1.010867468333768 0.9179050161595793
59 708 1.0720340393175742 0 0 0.8967107521059297 1.499211426363233 0.9836022821211287 1.1359446079503717 1.1242666533960775 1.161541060077353 0.9001662181772713 1.0818548705405189 1.1615364359158984 0.9710958209111686 1.118842991537733 1.006247698518166 0.9788680244355699 1.0202208428025201 0.9291924461287296
60 720 1.032893944377684 0 0 0.855441907343195 1.4389828332319843 0.9470566489582195 1.078481952593397 1.0842088696397116 1.1215190611577541 0.8690542780054723 1.0346141571645167 1.1211115853273286 0.9446751491390618 1.061700834182137 0.9671834743218274 0.9423687636085397 0.9822579955676125 0.9004806611446855
61 732 1.0392433939936268 0 0 0.8558976581772851 1.456045401944074 0.9521981276107069 1.0909266227480372 1.0875102580397205 1.1180365971578903 0.8707742291262575 1.0339726683654957 1.1299637969268137 0.9608693829101738 1.0703848329712584 0.9395705794928174 0.9573545704588381 0.996623888026222 0.9254608374620563
62 744 1.0446051662836149 0 0 0.8421083529224687 1.4816251890924874 0.9511114620669769 1.1050947839897836 1.1122537813372657 1.1186455336472156 0.8653198087207807 1.046260051163406 1.1321227959262448 0.9735626967449996 1.079381958154873 0.9307973822488467 0.965456430050226 0.9926902537182125 0.9178737100377463
63 756 1.025196708375885 0 0 0.8260517520696014 1.4553679629611393 0.9443225795547885 1.078985060433819 1.0771042111199047 1.0894530539242648 0.8491717088932398 1.028489001228303 1.107381825531248 0.9565049185546839 1.0529624239667605 0.910388806445559 0.9487811842860354 0.9673192440839347 0.8973187009790422
64 768 1.087590619414762 0 0 0.8568931121857755 1.571937038297539 1.0188397816565635 1.1441328172949896 1.1439622745422486 1.1291508408560362 0.9088127280197652 1.0701093518565956 1.164932679364236 1.0447289751567623 1.1326519083850486 0.984792563081168 0.9991088038899162 1.0330861280956667 0.9641273025204167
65 780 1.1019803012797347 0 0 0.8591038475697403 1.5958919304436554 1.0321666266144887 1.1762705896408852 1.159034249214578 1.1685885243682266 0.9217987521116109 1.1099272569560554 1.173840994845563 1.075359313378372 1.1810847130302156 1.0034173507347053 1.0178532538025538 1.0391314575782542 0.9613841714514229
66 792 1.137881253966286 0 0 0.8683363870420474 1.6515795057509772 1.0736299778328664 1.2121397292955087 1.183127753582246 1.2269767785711982 0.9583566527005448 1.1467140824627005 1.2007751685098065 1.1202621385947154 1.2418521333148804 1.0305183697686142 1.0329210367845059 1.0748856493470977 0.9887319647300853
67 804 1.1377393041393453 0 0 0.8428727171188959 1.66662739722315 1.0718214292329507 1.2017485130362473 1.1890793366754804 1.2257503034737072 0.9629203062132164 1.152076969347041 1.1940233861882907 1.1382766429713114 1.267153150002653 1.0302016176696467 1.021967146212689 1.0535314606797805 0.988012486497861
68 816 1.084420301562552 0 0 0.8033356138307798 1.6019477661336798 1.0152772349880914 1.1379506183046426 1.1223403252367743 1.1810321954733072 0.8974947902025422 1.095773309925986 1.144467961184309 1.0810038926467718 1.214950916522815 1.011102123316128 0.9562808307716408 0.9990809768185578 0.9422988682395115
69 828 1.0616144417763516 0 0 0.7798580809899726 1.5603740133601853 0.9900942527099564 1.0931464095497463 1.1130893457427873 1.1514975727611438 0.8797435906392226 1.0878542105324887 1.1124311202773252 1.0563548333133752 1.1888180431432678 0.9940836687033342 0.9297538277515496 0.987129436508677 0.9211376314112484
70 840 1.0300878245397762 0 0 0.7535761792197628 1.5128573889946608 0.9491788364013195 1.05036731757039 1.0795462800276878 1.1141472400972654 0.8483880032042378 1.0613908186496552 1.078830700932343 1.0072556441922065 1.1532959606834525 0.9677516607039395 0.8991878717134085 0.9622721447782874 0.9102270469774082
71 852 0.967123118419983 0 0 0.6996683470363254 1.4217383515307813 0.8989859981730708 0.9961147723967281 1.0032308181469194 1.0495055015464507 0.7973125905372466 0.998428651871651 1.0003913545838854 0.9514784438205643 1.0889775415254501 0.9119632679954002 0.8408749420661351 0.8965247201501262 0.8500603632923974
72 864 0.896380115101616 0 0 0.6457947133539945 1.3214770832968847 0.8313923240584665 0.9222408168961989 0.9262030358613046 0.954858818196552 0.7304309262559485 0.915590524823656 0.9261636180482571 0.8811102164906168 1.0051059219994833 0.8413486897571699 0.7640105492591163 0.8350389034064591 0.788941851988036
73 876 0.8719567505013056 0 0 0.6280680841872975 1.2918915209965558 0.8072534856052658 0.8952656090005716 0.9058244303450373 0.9094534613079249 0.7172731529679082 0.8940413777256159 0.908476762893605 0.8668100413701315 0.9709507147873894 0.8396729829465243 0.7334850824813903 0.8131735625209773 0.7813926274015723
74 888 0.8745723309733016 0 0 0.620569904002496 1.2968465696368057 0.7984950878654231 0.8826434093118052 0.909315340400833 0.8952647251032357 0.7260326732359014 0.9041533200464088 0.9079475443013286 0.8714165758003833 0.9726603908123295 0.8466740450559259 0.733185944646898 0.8167392882762969 0.7801850306580906
75 900 0.8693547174744036 0 0 0.6085247778865295 1.2878471166259833 0.7858439096771135 0.8867786838462497 0.9066428782151144 0.8813639176443893 0.7201376263596629 0.9041403079859899 0.9023943971866015 0.8623953856918143 0.9618806517035979 0.846061921597647 0.7475027169268921 0.810702775191584 0.777679639499508
76 912 0.8361505205046323 0 0 0.5836410450827212 1.242600638916578 0.7505411684318194 0.8247815426589463 0.8663503892573885 0.8483714308516451 0.6935173149324785 0.8666771545208123 0.8634568971110691 0.8350526858665911 0.9102053897122645 0.8194231853093873 0.722558816224327 0.7769752668391531 0.7493163808361502
77 924 0.8072722319937231 0 0 0.5592462536375951 1.1926868570273017 0.7197500986725702 0.8084862112201001 0.8509986441625872 0.8321775744310895 0.6648983415576889 0.8425521951679651 0.830326179312008 0.8054738415927115 0.8524945046576672 0.7989021029247383 0.6972861544213015 0.7434788375318249 0.7218288295294218
78 936 0.7849830302907003 0 0 0.5347524623823917 1.16272616890591 0.6963582121278387 0.7842075861556299 0.8258604478848198 0.8158091001643223 0.6508164373734663 0.8096588328610413 0.8077421680153375 0.7908201730059725 0.830891111852752 0.7727337503088669 0.670173391127177 0.7144115341422359 0.7022932766570044
79 948 0.7450345333054139 0 0 0.4980227725811861 1.107421400201828 0.663514429101305 0.746160582871648 0.7780346812706647 0.7710129365681399 0.6228263542090138 0.7715489892438286 0.7653274192052134 0.7450535681422528 0.7841507845611131 0.7303647482839389 0.6317670784102773 0.6731878149191702 0.6654857455839508
80 960 0.7284636608651869 0 0 0.48012813063692983 1.085592089222656 0.6441581402628136 0.7416621780328267 0.7406987307660352 0.7488226316087511 0.6082835475040144 0.7577476639558145 0.7411859223512482 0.7209542068417573 0.762700807952565 0.7190968397702915 0.6157554720408128 0.6592420740364439 0.6606035369735777
81 972 0.7111156012933817 0 0 0.4569152938163262 1.0773055653650268 0.6296131179857802 0.7253285510160314 0.7223548020945825 0.7227342883120987 0.599230511844007 0.7324709883482473 0.7281863175075348 0.7044536281798438 0.7326938277876521 0.7047979646434829 0.6050493931622378 0.6415052651316809 0.6484021338958147
82 984 0.7278261102426641 0 0 0.46607209667299554 1.10220575223317 0.6535846398919923 0.7427301527207445 0.7342136321683596 0.7344768476339533 0.6225932101696577 0.7506460118667345 0.755940268418848 0.7161579577410871 0.7465501617594459 0.7199065045874868 0.6077384058168119 0.653338913236126 0.6636332435294965
83 996 0.7108585592919261 0 0 0.4522390842143442 1.0766300845812187 0.6447102612155314 0.7223166596989751 0.7031201396701168 0.7116724331768379 0.6207613738844833 0.7343623807364504 0.7275759984556862 0.7107867218493351 0.7283489840025195 0.7023623373493973 0.589672775335228 0.6301468650582283 0.650236168773659
84 1008 0.7164276910289656 0 0 0.4471889430764494 1.114802175119366 0.6547532179518631 0.727066310433227 0.7079863021096657 0.7208969375490791 0.6272372130332705 0.7366240146418431 0.7241528559382846 0.7108155517632099 0.7327832928911991 0.7044480224719916 0.5942938781609629 0.6323483113248364 0.6523903311566213
85 1020 0.6759525349228148 0 0 0.42065327912376926 1.0755912448278566 0.6319090273580193 0.6852783883342941 0.6681829963275812 0.6752709144163556 0.60673975925194 0.6924217024326256 0.7047707641874636 0.6729437115110759 0.6909185523646605 0.6712321823824695 0.5633170964578619 0.5945712132452577 0.6243840455285362
86 1032 0.6636996596218655 0 0 0.4107328529871745 1.0782154304690854 0.6109375723758966 0.6639635043211021 0.6536409710985519 0.6596062514913918 0.5959154857959522 0.6803411105865016 0.7035731377270711 0.659580108429807 0.6750334853581045 0.672054738978064 0.574625770308864 0.581312405035541 0.6152028341107959
87 1044 0.6618330673924857 0 0 0.4113024477075924 1.076747626386148 0.6055020997983447 0.6640456997533886 0.6502616312871635 0.6547047967245707 0.5993868485985081 0.6788768937938362 0.7018080176792069 0.6565118961982691 0.6739688280523031 0.6767297808189093 0.567201584080278 0.5757719645962982 0.6154553670637193
88 1056 0.657717730604942 0 0 0.3973453978837899 1.0877846789661139 0.5916552530895218 0.668514743170833 0.6508194076798985 0.6495318448839347 0.6073509195428916 0.6689929930131016 0.6994248822931445 0.6611781591253435 0.6775827000718098 0.6742044390707929 0.5640038000002852 0.5805231253925046 0.6173989013462242
89 1068 0.6674950667235652 0 0 0.3928557930867582 1.0992618131521685 0.6004686803451891 0.6891647954593734 0.6683469565011003 0.6563692210660421 0.6255466526151868 0.6873888289064173 0.7074766429790773 0.6782508561020014 0.6853312503961461 0.682986384515501 0.5625666817693504 0.5847827353765436 0.624307449367504
90 1080 0.6698058816728122 0 0 0.38984099374569436 1.1033556087017131 0.5978800505634965 0.6937615027877729 0.6739835475836881 0.6574867822466133 0.6456514864975348 0.6907561541661811 0.7042211652524292 0.6805698528792858 0.6756345557191601 0.6844978306427836 0.567201714190884 0.5853042723106688 0.6162924314496753
91 1092 0.6413105568387228 0 0 0.3669337847924536 1.0592625284236241 0.5701433872853029 0.6689903050683714 0.6487380877799941 0.6340738967373365 0.616216491908215 0.6669686053915093 0.6734162550353952 0.6529111951617752 0.645731770378176 0.6487757899484846 0.5394015137800591 0.5646056484200055 0.5944209184899576
92 1104 0.6366163852428401 0 0 0.3556594183976553 1.050053101405454 0.5599570305675221 0.6668381722389909 0.6439477914614149 0.6348610067069543 0.622037545486544 0.660873881644425 0.6670516792934789 0.6642824707921416 0.6307624195630127 0.6488863355634887 0.5328125618761308 0.5585392010452777 0.5894713168167038
93 1116 0.6763018984793595 0 0 0.37698239776029957 1.116893405860835 0.5986708505231908 0.7065053768779511 0.6741100591714001 0.6840552059798519 0.6866032318115821 0.6922766754651213 0.704562796759068 0.7113683873047898 0.6714462914537497 0.6894106082793063 0.5596889357636101 0.5934932327892113 0.6316209886941524
94 1128 0.7094589762398222 0 0 0.3879630324869762 1.1596722368016927 0.6264032876375487 0.7449264765090121 0.707639763315217 0.712128039803731 0.7311991184404384 0.7317868961181249 0.7391776560281303 0.751659997680954 0.7030819976692112 0.7316742706774737 0.5777980381748336 0.6198327399025052 0.6514563469038077
95 1140 0.7127956839727797 0 0 0.3852672909155857 1.1549906595939827 0.6331843671373163 0.7425463214290917 0.7269631194962345 0.723793256578257 0.7370300973840064 0.7223713673456407 0.7553028781652296 0.7566717890243846 0.7023012287415096 0.7411653914449443 0.579040303121195 0.6322976814769106 0.6446030678323877
96 1152 0.7148441075215597 0 0 0.3795396059065073 1.158789227952605 0.6378093048139122 0.7404569347706712 0.7262241380436864 0.7259071402886557 0.7456143084838438 0.7355861171574279 0.7571056356966551 0.7606770112904687 0.7254907071336855 0.7477764542755779 0.5809197809750825 0.6225258109271053 0.6455457854254046
97 1164 0.7146457958432731 0 0 0.37782273228254554 1.1728432852256536 0.634520714829202 0.7381561667977361 0.7164279591366884 0.7203168838749615 0.7408485957526915 0.7258009868990817 0.7540363551966571 0.767359962532296 0.7320704352898906 0.7483015017005735 0.5897322707856832 0.6215423679200163 0.6551899958966453
98 1176 0.7639303357362114 0 0 0.3975635919328981 1.2721840149318133 0.676160154425849 0.7903778808349685 0.7611796185271248 0.7771509201625273 0.7916947209520054 0.7966897167812144 0.8174915387206212 0.8216637942247301 0.7885297418140926 0.8011526647054267 0.6456810250290419 0.652439916715086 0.7193529846684479
99 1188 0.8240449256168758 0 0 0.41916094119445607 1.375579254576291 0.7227130292883028 0.8705752316724664 0.8220054315576479 0.837929391034203 0.8508444591297064 0.8811412164170171 0.884378875692548 0.8924199640363543 0.8589944004515151 0.8479846205477404 0.6963264909551206 0.7049078825180431 0.8039452031403748
100 1200 0.8720174338606944 0 0 0.44166564743407893 1.4585569566636856 0.7643746448654756 0.9287254551803361 0.8689224093983998 0.874831212913607 0.8994262549387593 0.93383479627664 0.9403345337231186 0.9315528150441197 0.9154737266131686 0.8920705879938552 0.7366840199485677 0.7322911745620224 0.8767382392119282
101 1212 0.8933420000642662 0 0 0.4495497868194482 1.4872365424874583 0.7814185947320922 0.9647676552238211 0.8876830407674955 0.8844994521804775 0.8986490530371483 0.961985851282752 0.9495713530562647 0.9533067164883298 0.9384799126620912 0.8952929528573725 0.7639186689819746 0.768599349140229 0.9067320696291833
102 1224 0.9523314221688158 0 0 0.46698248891255845 1.5982482179506496 0.8312944063395655 1.0414935461172508 0.9562153606123707 0.9400708973890216 0.9581620104728187 1.0538509140788443 1.0046224682365215 1.0159532317847715 1.02301425199046 0.9516220135559659 0.8256937614072619 0.8416557725559615 0.9639265051306728
103 1236 0.994789839608228 0 0 0.4748963089589914 1.7061925360548318 0.8655756474626818 1.0775524305618462 1.0060835525338323 1.0022194469820616 1.0032224215686336 1.1159368008921207 1.057581176681023 1.0922357662616289 1.0642135273734523 0.9980796726213494 0.8512454584172134 0.8821207450757019 1.029398703307891
104 1248 1.0217171029099092 0 0 0.48475008156053606 1.7350598140521214 0.8906164108029295 1.096621757210649 1.042453263886426 1.0217523140210687 1.0288386947299628 1.1609324154308225 1.08023806479567 1.120060750052348 1.092922484799826 1.0401814981184894 0.8724279094213194 0.9043557373099491 1.0609175145439993
105 1260 1.0770799200428438 0 0 0.5113733728890133 1.8577738311088838 0.9392035494576113 1.1559215927145503 1.0963922934147932 1.0825148909692972 1.0970869867869462 1.2198179717494593 1.1438101500494058 1.2292071923720571 1.1210296927258874 1.1084711385727675 0.9326753127536626 0.9587303916697032 1.1058375781053948
106 1272 1.1273064298817124 0 0 0.5295781293690194 1.9391753055076535 0.9862455873682056 1.196843489380894 1.1525574569383903 1.1668836962076965 1.1798354746803568 1.2975182459390517 1.2033743704050281 1.2874536843750255 1.1827629562830972 1.1600888430700456 0.975171534956212 1.0000891037157829 1.1731964060124276
107 1284 1.1438262790203753 0 0 0.533059417215627 1.97215577705823 0.9867070461457431 1.200965448433845 1.1702226827839786 1.1787021496151762 1.196998765873194 1.3208902375392726 1.2287875125627619 1.3224332266429397 1.2064572180087048 1.1710654087229666 0.9971468479578269 1.0255153096869594 1.1990141655144049
108 1296 1.1102661983602362 0 0 0.5144018586591964 1.9175476635775386 0.9535782300623773 1.1367354298209655 1.124907893337815 1.148938996803923 1.157973027841688 1.274302075435427 1.1782414753555042 1.2906839667214771 1.1774678360497042 1.1333671614003924 0.9627985156110312 1.0018027787575836 1.1571681879698978
109 1308 1.079711044084644 0 0 0.49342138517670153 1.8723436089457939 0.9384102377563575 1.109644261377651 1.1015726574149278 1.1170963329249832 1.120081059045202 1.2353813997353829 1.1493716383402375 1.2579028803831953 1.160039535025622 1.1272064475535684 0.9373322117655017 0.9782411560960693 1.129039349657457
110 1320 1.0541829389131383 0 0 0.4762987272694296 1.8344507207049545 0.9065349941194182 1.084499774956932 1.068994509219101 1.0869442869201038 1.1051449315520014 1.198196351172541 1.1256543692148289 1.2242066895648742 1.1106320446754154 1.114046121515741 0.9145588590103045 0.9516958705729696 1.1081510825321483
111 1332 1.0589754496418007 0 0 0.4713470826253101 1.8469352816541356 0.9048745705774062 1.0699007019601923 1.0795872777665623 1.0789400478014335 1.1160856626847502 1.1964702726551284 1.1390771871582341 1.2328724700186664 1.1198109688776139 1.1188132920210838 0.9100374198798094 0.9593203741840622 1.115458869293284
112 1344 1.0687877087141506 0 0 0.47425131521212627 1.820491653317187 0.9270388519823162 1.074822979057062 1.0787843020288594 1.0873730605651772 1.124663608271288 1.2050634945760077 1.1387136850239092 1.2518316510761434 1.145969036700728 1.1363729733708088 0.9157862119257222 0.9739942433654195 1.1106332540837078
113 1356 1.0633353726182215 0 0 0.471144275438537 1.823906216817859 0.9388418955589065 1.0757973220821875 1.083737911311128 1.0829667452634004 1.1410283067760933 1.1906026187514287 1.1380209098111684 1.2591816723731277 1.1436078557924965 1.146616942828506 0.8944844446827648 0.9643797776875634 1.1242769093764695
114 1368 1.146668570806002 0 0 0.5011768696767659 1.9542767546923872 1.0645362351047551 1.1648538102613915 1.1880972698613728 1.1471541479457448 1.280222323014996 1.269415538743423 1.2234322017958166 1.4107991272895315 1.2526154048680096 1.244024923821333 0.9650050922645464 1.0485782577773564 1.2086244299868536
115 1380 1.2052261530219956 0 0 0.5247393052292384 2.0381566565506817 1.1242003608992317 1.2310840770317895 1.2562922176383244 1.194761206115987 1.3670717598273276 1.3248607555885104 1.2960743206537138 1.4985122236222757 1.315943594571604 1.300231360921981 1.0293756621521961 1.1219789097914847 1.262881215060859
116 1392 1.19705295296192 0 0 0.5190707394799638 2.053989752320572 1.1286779038309516 1.2336273618933997 1.2442320602309482 1.186552976086064 1.36649839679876 1.29703990017912 1.3151233982642385 1.5021862370790977 1.2908752320780952 1.2954739233768837 1.0016476765528857 1.1188567786147179 1.251554884074083
117 1404 1.2205629761343122 0 0 0.5291139885900823 2.0800987845627703 1.133778754501214 1.252533813589611 1.2626408257053148 1.2073839035439653 1.3976135469831417 1.3343331268293817 1.322556394419898 1.547504070792829 1.3234011043083513 1.3215082363878186 1.0216058971388462 1.142009044317355 1.2665320073927466
118 1416 1.1787674217038209 0 0 0.5028123522559292 2.0535251988452576 1.118787046476226 1.212583791908114 1.224135689089677 1.1628164049169183 1.3504652944660138 1.304581650415385 1.281489059188697 1.5004723781624019 1.2758499228556672 1.2886265165243025 0.9849228782902127 1.0999070232657608 1.2251867912911194
119 1428 1.1225088605124016 0 0 0.4702009684331315 1.9401838770424726 1.0769022908241552 1.158493504407632 1.1659205857584605 1.1122671667795654 1.2953394198295982 1.24586283169451 1.203912956738572 1.4219846305469606 1.2099632949912167 1.2295905640126472 0.933100694948973 1.0304502109558002 1.1654999896999714
120 1440 1.1452617315057363 0 0 0.4682013176329948 1.9995187561325534 1.1101883145984148 1.1976635601312295 1.1906299251719266 1.136707206588143 1.3304728116472755 1.270677828138685 1.2166401245532803 1.4547890912749306 1.2371371514339056 1.2725373233853263 0.9621807747463637 1.04645762872202 1.1762271246310168
121 1452 1.1735064140167666 0 0 0.4711654225518195 2.06473212113532 1.1415502370505035 1.2283233398738558 1.222065704002381 1.1736422739712755 1.3852309280640518 1.3025249984386587 1.2519408118528839 1.4975364095826071 1.3045029516831772 1.3033271625399447 1.0063305360629509 1.0748287003143298 1.212196739061642
122 1464 1.1944425278323647 0 0 0.46604165774761264 2.105760903487915 1.1716054962050169 1.2379065127228615 1.238575566534489 1.2043467962591072 1.4113534131292367 1.326068643005471 1.2689736758963888 1.5337310691676274 1.351770382298752 1.3252301720713089 1.0471362357742857 1.0859076290587841 1.2414451469650887
123 1476 1.201608612697836 0 0 0.4646396632069051 2.096191439544349 1.2010749924341086 1.2457100072652083 1.249314733509626 1.2179795715990687 1.4340552869255538 1.3221432771579829 1.2730910454542463 1.54215414201221 1.3664532263626212 1.3245132343762926 1.0591569759234647 1.1003515665594075 1.2270729308811648
124 1488 1.2107131536970857 0 0 0.4646805058814805 2.126270068657956 1.2206213243770516 1.2520923709734884 1.2598314228663106 1.2359439190452146 1.4498513280714185 1.351699510410061 1.2857187235350132 1.5386904985458474 1.3791707126761332 1.3112278325458644 1.0870223243918962 1.0760951700841939 1.2397350484884373
125 1500 1.3045245736890694 0 0 0.4953446161102838 2.278635689512977 1.3081894516920607 1.3391997085638605 1.3495326474396845 1.3916875285611747 1.589265827000627 1.4516059429935364 1.3694732160188825 1.6705278349840837 1.4902654380144327 1.398176618101393 1.1874808623339317 1.1928819132540416 1.34007714523267
126 1512 1.2524769992667433 0 0 0.4624936210996615 2.1887760571450694 1.2542402548304858 1.280212460894932 1.3068615813395212 1.330843621713614 1.5233858023160072 1.393780838643361 1.3064718648324547 1.6065225956238127 1.4413365430799752 1.3396781767312607 1.1437231880981609 1.143437345279739 1.283043740557208
127 1524 1.2048734673686936 0 0 0.44064543252526867 2.117668409891856 1.195724317209605 1.2312959724572003 1.2618423264113179 1.280741024604601 1.4559328458145047 1.338598577823477 1.2623878126822974 1.5490905914968403 1.3963692648866834 1.2827264416389996 1.0965430215033436 1.1121669350689545 1.2276891684866678
128 1536 1.1708260860093958 0 0 0.42637921238031895 2.041086624014481 1.1448071973047973 1.183995723066864 1.21627968472106 1.2372335378662296 1.4126368747432316 1.3001767562163873 1.2319297118769066 1.5279539798727453 1.3563704277614845 1.2886930467522517 1.057524205833734 1.065430131282617 1.1909350579215539
129 1548 1.1629500302170261 0 0 0.41926013225985204 2.039939486186237 1.1402917594070439 1.1743220415588205 1.2167245652134036 1.233758005876962 1.4280343021759543 1.3165676253993859 1.206113716054891 1.5150687799668363 1.3507410149237713 1.2905990934761131 1.0430753844684295 1.064178299627623 1.1796469865094632
130 1560 1.1530959326597223 0 0 0.4067849442147684 2.032892690999137 1.1255014990656995 1.163395898001573 1.2183093483254752 1.21766647582036 1.426713334485365 1.3017895765376786 1.194950520792923 1.5137076696427905 1.3535431245684324 1.2835082113185157 1.0239286952726574 1.0550819599650962 1.1620273388041087
131 1572 1.1358220857520418 0 0 0.3867952658062463 2.0145053498912633 1.1109027242475833 1.1445429473093052 1.1954575569044565 1.2005662542137547 1.427614423922594 1.2850716028896538 1.1698901426242687 1.4955376201267112 1.3449607699534099 1.2828625102828675 1.0102173017840945 1.0297305834420225 1.1461470614586984
132 1584 1.1581882171907427 0 0 0.38911754002284843 2.0659281250040826 1.1395867633502763 1.1585450857818587 1.212970481895281 1.2408339821899679 1.4637730927784534 1.3166969630352778 1.185244671846174 1.5185840713729741 1.362069776507207 1.2821133901365347 1.0357788994679527 1.0456764078921506 1.1895638300457545
133 1596 1.18947860469563 0 0 0.394591870995213 2.1189541126991656 1.1531099115743064 1.1985938968301255 1.2615102309488766 1.2879669095998025 1.4971900543946197 1.3497607391405468 1.2025086848333328 1.5451331022986123 1.3988779830965639 1.3157926426959339 1.0736364752306145 1.071880564643675 1.2208987894038723
134 1608 1.2081659507525122 0 0 0.39187624568374796 2.15646450710221 1.1667791632415936 1.2209008273661777 1.276179140940256 1.307096431230114 1.5263823867617172 1.3730822466394075 1.2176206494198003 1.5521095894048014 1.4306802094435371 1.3214228792788103 1.0877452093590243 1.09907026598467 1.2497428532973405
135 1620 1.2647266603197331 0 0 0.4055789566318367 2.2615245778331907 1.2254051506846086 1.2786738330255334 1.3221230007283231 1.4043735360318566 1.6467065625351118 1.4383438391226477 1.3119061748363627 1.615824564309228 1.501767181326793 1.3819913021091266 1.1630923761348246 1.1520368046798284 1.30049931269668
136 1632 1.2612000200185882 0 0 0.39998619810597297 2.2408900327110772 1.2176543166578873 1.2707195274387058 1.3108281175062229 1.4087389471419804 1.6618758922810508 1.4333546021709693 1.3097229803720936 1.5936404209326476 1.5132173297460305 1.3789158464227238 1.1746015245884653 1.1541165909890114 1.2869461052968814
137 1644 1.249912636197783 0 0 0.39191444986071716 2.2066078467429557 1.219924530045979 1.2647645536440002 1.2928298117144763 1.3956430124208745 1.6897978522406736 1.417989087995917 1.2928815906773925 1.5907851650147387 1.5298479488832177 1.3832131916138484 1.1780437863014517 1.1475055011774036 1.2645809498419402
138 1656 1.1752189916081395 0 0 0.36969484365890903 2.025474751622302 1.155610839338297 1.1869881159146365 1.2204452600209648 1.3007225737819368 1.5956558694084717 1.3338091484827128 1.2046878587175085 1.504609783483829 1.4581765546320558 1.3120423141909812 1.1160975776874607 1.0781876879508403 1.1765841985600323
139 1668 1.1586023836187642 0 0 0.36068295377989357 1.972948592291595 1.1444042642034182 1.162559737236157 1.202175854038755 1.275171899167139 1.587962945175466 1.3264187460126775 1.1986771614320562 1.4791667807232571 1.4299941577232211 1.2990150954841433 1.1162033626615557 1.0615741422760434 1.1505776691791627
140 1680 1.0939221356702866 0 0 0.3333984345741326 1.85905897363401 1.0831214664946625 1.0833267159393116 1.1324106213022966 1.203367169203506 1.506840297944243 1.2547664506933285 1.1353733621780875 1.38835420889816 1.3681723352684299 1.2337017491421867 1.0577137486873547 0.9998311649618116 1.0778634108456422
141 1692 1.0331473781996257 0 0 0.3130426327245057 1.7692325382953324 1.0215564135513082 1.0309663392706596 1.0573171510730361 1.1293416446591624 1.4274463300328717 1.182198519068987 1.0725550869278024 1.3125660903005556 1.2987910533531852 1.1799287027794008 1.0142672455407333 0.9335353731994848 1.0186369560664843
142 1704 0.9865242318858733 0 0 0.2964272885727258 1.6915728515238064 0.9638896682020904 0.9836219166640364 1.0135314392100347 1.0803080175198994 1.3663907301729392 1.1246330187079194 1.0030231367988702 1.2413571325171469 1.2271991900543846 1.1138777971769918 0.9625024890673602 0.8916759240375958 0.9556740687636333
143 1716 0.9393606509301541 0 0 0.2780372489342368 1.6053365714636798 0.9094067564703293 0.9288306229950113 0.9410821625326833 1.030195593679665 1.308856661820521 1.0726570631908336 0.9519650301547472 1.1792079660881856 1.1618377547038168 1.0762091961568903 0.9065926988010423 0.8520148482740701 0.9105134583553187
144 1728 0.9020106856258968 0 0 0.26233480216150606 1.5423570582459063 0.8688814027681736 0.8860130983764172 0.8920428111322727 0.9751035085285461 1.2444396691432655 1.0249475256281873 0.911890391177176 1.1114219471209794 1.1212880659162368 1.0394712563081512 0.8671674319183682 0.8130166680375939 0.8674550724496376
145 1740 0.845004643159591 0 0 0.24214139883974659 1.46023917005044 0.8077459694315424 0.8156043234940611 0.828630270555529 0.9205172367100065 1.1589050803967373 0.92613992318095 0.8466871698761536 1.0458942761165548 1.0537616594730335 0.9758379192308813 0.8053025546906102 0.7629745496978295 0.7963913254056045
146 1752 0.8126267227172493 0 0 0.2297091122474993 1.405518241350871 0.7785986614711928 0.7772692339584797 0.7972941140266345 0.8909250124482118 1.0911046778417894 0.8948045678046086 0.8002846250160188 0.9956449907454872 1.0139146226483549 0.9201056912647338 0.7848633892614593 0.729151866223174 0.7675196105215237
147 1764 0.769529416694267 0 0 0.21782604072185055 1.325867422498355 0.7317340988756101 0.7392197919561263 0.7481148301079542 0.8243005170804559 1.0260999459857203 0.8387085551866351 0.7632159579895315 0.9337323963134659 0.958519658754016 0.8522272461839422 0.7424980164408864 0.6938766864329963 0.7337426054746989
148 1776 0.7307776635988417 0 0 0.20616249805464407 1.2680521845138895 0.7004991812190956 0.6960487887963283 0.7099469123727323 0.7988215273939616 0.9748521070169786 0.7935907644948668 0.7211255078250438 0.8951492673146317 0.9161157149766679 0.7999427430140755 0.7089582432941464 0.6565867226058592 0.682907049405742
149 1788 0.6790459268542911 0 0 0.18925917824892927 1.1717115423600224 0.6447514460725589 0.64659476161509 0.6553881195729859 0.7380735671518084 0.8989078441452361 0.7312767101576737 0.6794948062899053 0.8302008529023671 0.8415012320404723 0.7415049538827712 0.6454909739198885 0.6073691907147926 0.6355394680233777
150 1800 0.7138508896203833 0 0 0.19563461359829482 1.2174841153256875 0.6782874714916171 0.7119511550862695 0.6835954873404494 0.7738939594511799 0.9410418530963057 0.7781468047676106 0.7158142742149806 0.8811497545147517 0.8955547556630553 0.7834845678205558 0.6846820709653354 0.6283752877173332 0.6808845863094665
151 1812 0.7257268491796147 0 0 0.19461807796460626 1.2475343398886163 0.6907090786674741 0.7395184354616382 0.6965211326406662 0.7818787317582002 0.9513466185192961 0.794106576658683 0.7301888506269248 0.8924077043283578 0.9175283790757089 0.7866931809280786 0.6934503244376101 0.6325746943325822 0.6831313524028668
152 1824 0.7438247795943953 0 0 0.19442373558820683 1.263493798692763 0.6998863217536453 0.7874261537958498 0.7061646466638445 0.8097770726906253 0.9721226174633789 0.8364239732374038 0.750495304944279 0.8992711758738579 0.9523284918018088 0.7991340245278595 0.7092247083297601 0.646796125989404 0.6932389794248832
153 1836 0.7230788157118418 0 0 0.18621478060135924 1.2169701637289616 0.6731841538110295 0.7651255117770124 0.6837956217819426 0.776613916914677 0.9444220541145428 0.8139351481107244 0.7284737523362024 0.8835542492048101 0.9333978224630084 0.7649411482808574 0.6870980928140956 0.6265547525298716 0.6650643121259072
154 1848 0.7457042839265953 0 0 0.19052961806467325 1.2504319719841552 0.6918583943660926 0.7987830207851597 0.6958790815610787 0.8017539081402005 0.9834109955650998 0.8435935587694794 0.7475422977676889 0.9278298563307138 0.9593576211101164 0.796017521269029 0.7019150789943633 0.6506580191789454 0.6870391895417606
155 1860 0.7344058763472932 0 0 0.18629525295346838 1.2180872001209866 0.6884074460344551 0.7831675599396628 0.6735223933521817 0.7846127067301997 0.9751943753839897 0.8251478406174768 0.7333579618712348 0.913464226179063 0.9510672281757834 0.791852128872454 0.695154600263275 0.6426319942505331 0.6816328964474694
156 1872 0.7092159459998816 0 0 0.17790850700425204 1.19977797082063 0.6597421587687261 0.7634408887544902 0.651894487388281 0.7484621334045296 0.934967417038833 0.7958501702426531 0.70805622306011 0.8795279099048304 0.9187324957313748 0.7579527071793947 0.6710540047561242 0.6372978580434563 0.6579320384552599
157 1884 0.6909647292052238 0 0 0.17166012698428013 1.1701881293478005 0.6357759684791615 0.7354456876558384 0.6361074963219325 0.7333852768616868 0.9029298820986629 0.7695941013425162 0.6878883892968698 0.8479239549580505 0.9002204932234693 0.7372501211595239 0.6540338214170673 0.6334978288102261 0.6478197595376445
158 1896 0.6634899960075351 0 0 0.16138223220586048 1.1284218172608977 0.6045535103935946 0.7170003036037861 0.6108495814753121 0.7102407427381805 0.858006674319302 0.7371756331738855 0.6696269921623332 0.8185054413325166 0.877630958600635 0.7076783747466631 0.6267864151132093 0.6080946660718939 0.6337111873309913
159 1908 0.6527818732280068 0 0 0.15515488536418914 1.1035072812964624 0.5941251948845774 0.6993497666555484 0.5978862530387694 0.6926131610132039 0.8533684746005618 0.7345674999672397 0.6553469038973172 0.8091875583120817 0.8614245847434517 0.699688191862907 0.6175231053539644 0.6008761499768335 0.6215920864738855
160 1920 0.6596125963080577 0 0 0.1557373086629854 1.1119794803428924 0.6079944350087945 0.7084233148430285 0.5981175455062958 0.6971642505794242 0.8903661241083346 0.748990859494637 0.6599074398323006 0.8271343817821314 0.8724309930604622 0.7203803748366455 0.6258055501602132 0.6069902838754564 0.6148267098750303
161 1932 0.6634473794177398 0 0 0.15457428090628056 1.1108739220971844 0.6097747766368921 0.722039431100676 0.590689067868808 0.6966414887842808 0.888792757932562 0.748543203186917 0.6713537584256003 0.8241009646460448 0.8672380648891957 0.724369412776115 0.6321626057364592 0.6120616272373488 0.6209947714212083
162 1944 0.6755641310563397 0 0 0.15543977963711217 1.1410547787701177 0.625148512448788 0.7624863908177092 0.6092114163166457 0.7114364401813955 0.9162240867521506 0.7623339611395303 0.6864855606120144 0.8324786861282868 0.8993134356669646 0.7369018186299642 0.6532757693012227 0.6146609577777759 0.6310414351371583
163 1956 0.6431882190867595 0 0 0.14622892837079668 1.0826219067141583 0.5971724023916263 0.7288609512359325 0.5838325629865008 0.676663120730053 0.861641102877126 0.7218631589096248 0.6433787474800634 0.7884346582322674 0.8516730486106867 0.6917776106886859 0.6231409583690084 0.5847590255097223 0.5960337466003739
164 1968 0.629809451351088 0 0 0.1435382436100788 1.063206179233702 0.5948913928668147 0.7141232200905043 0.5763459504771943 0.6642411584611636 0.8553940227634621 0.7070647686831333 0.6293477435347483 0.761468344041863 0.8217697670459732 0.6805215748345731 0.6218121606745783 0.5712474448272605 0.5846545135763797
165 1980 0.634536458344616 0 0 0.14140209587245273 1.023583067971509 0.6061906561441767 0.7191688235390074 0.5835184079465354 0.6672230767694527 0.8694870033910462 0.7162212731496094 0.6204188839928353 0.7611905286860624 0.8313578542210147 0.6916689378096764 0.6494141719168436 0.5661684490159156 0.5758253042365515
166 1992 0.644705779719059 0 0 0.14058145894244067 1.0457847344606472 0.6360527125220188 0.7270635184827875 0.5891060316992218 0.691636884871188 0.8876645838524571 0.7264665570108295 0.6325090887099147 0.7752609609990044 0.8465167185694711 0.7127539546314048 0.6841643405113542 0.5768642253617926 0.5835439292064704
167 2004 0.6752823733695639 0 0 0.14516330295372734 1.088814653518647 0.6800652218821 0.7615045336360426 0.6282199070611029 0.7328249580490404 0.9822916068834032 0.7619596023181384 0.6490000501602289 0.8087762976946457 0.9018283872540016 0.76932366946076 0.7485211088497317 0.6148482755377211 0.615897517890244
168 2016 0.7064903576518897 0 0 0.15064066402997414 1.1328274880829021 0.7229896904440228 0.7975259474449787 0.6630117601020441 0.7660265005738283 1.0269843951524884 0.8088130931359476 0.6684889214388648 0.8398987071577944 0.9628256848842947 0.8243728824332404 0.7956183822503908 0.6618781029770183 0.6380213099251861
169 2028 0.6991060567034771 0 0 0.1465746139530109 1.1146873882995159 0.7219390255741218 0.779342512358876 0.6660191951914897 0.7606114853450984 1.0231733674869714 0.790240486519155 0.6690451281527733 0.8357008615063501 0.9627161268344719 0.828545758195693 0.800105518670455 0.6614014675368829 0.6287995081234632
170 2040 0.6769160395321207 0 0 0.13850318520914942 1.0873088408669649 0.6873771555183286 0.7529722486420664 0.6445374572726691 0.7350882738328192 1.0045557590073542 0.7623676065795825 0.6463590986905613 0.8044280365038826 0.9465430035330791 0.7980848273329364 0.776120856269703 0.6539292795110034 0.5939522983138036
171 2052 0.6448502554558414 0 0 0.13105410626331637 1.019714584827005 0.6559196216862491 0.7191347438404196 0.6243225539244681 0.6916558166856791 0.9588273984345166 0.7298364300984111 0.6160991733589294 0.7675219763437878 0.9240745247700122 0.7630129402196965 0.7397352973597587 0.6220162349086175 0.5625038590553924
172 2064 0.6218415172998824 0 0 0.12550776620064588 0.9838623266089329 0.6351193572833703 0.6890649303771177 0.6072819214733702 0.6586978957436015 0.927923160168208 0.7092820234926984 0.5949832975185345 0.7350716611575321 0.8973828081073703 0.7382315466178238 0.7195140608968364 0.6041986580690926 0.5389779380318664
173 2076 0.5850394703420916 0 0 0.11760304342752465 0.9249971981772713 0.5870240251214781 0.6434874510228973 0.5678380021667232 0.6202469321497742 0.876631531892427 0.6680379888269237 0.5626513931671668 0.6775717774794119 0.8505670399207462 0.6976088399124358 0.6794986135050031 0.5572536809238843 0.5099929665428394
174 2088 0.5745685252026126 0 0 0.11548846980216934 0.9062639685379797 0.5810874396786013 0.6370304502254592 0.5602749312643421 0.6117500290600816 0.8747903209096652 0.6613559104719664 0.5532458189912209 0.6649177582054555 0.8498791157946401 0.6952260943538822 0.6644748897727193 0.5502821183866851 0.5032039742976328
175 2100 0.5625956416463683 0 0 0.11146185423047841 0.8812465016164385 0.5772485197585544 0.6147407162959985 0.5499119505501113 0.5908530342772139 0.854672076747498 0.6545900958541675 0.5458459520215792 0.6441015737907817 0.8344224072687825 0.6903695486349247 0.6442403558538298 0.5396640052112439 0.49555244716029845
176 2112 0.5460836650444572 0 0 0.10732269386574471 0.8659199067590461 0.5602596255819136 0.5973010564174719 0.5482192396942186 0.572616913502508 0.8287383008029663 0.6409853989910992 0.5260063870761743 0.6118627459016361 0.8186025189887471 0.6629975738233557 0.6289963254258015 0.5343393180455464 0.4787545116364512
177 2124 0.5234749622514199 0 0 0.10143163028989659 0.8539618156805152 0.5558925263487781 0.5714169462822369 0.5270897398679338 0.5523026807324833 0.8008867510880061 0.6158156073613121 0.49397183370891506 0.5839113330023636 0.8012037730101388 0.6316786919433164 0.6120074185408129 0.5147567438817996 0.4544291595867206
178 2136 0.48848744598183536 0 0 0.09410021976282372 0.796819412766967 0.5201660296116976 0.5361559530192156 0.4923781959975659 0.5136359167055119 0.7499477924083746 0.5680725462919717 0.46035614796494534 0.5417499634535121 0.748073526338628 0.5906301480436797 0.5690375367538618 0.48127912296308023 0.4271603563146881
179 2148 0.49283861870750567 0 0 0.09268311794558765 0.8123990173521611 0.5372291229043628 0.5376447880290406 0.4942512619089871 0.5188061387434404 0.7610222390895386 0.5687615957862304 0.4636493469380994 0.5521518260988987 0.7601017741701332 0.6028813452612922 0.596142478867294 0.49388381755121386 0.43720740184397905
180 2160 0.4818047664588488 0 0 0.08905509231201685 0.788228784000069 0.5362991471854632 0.518161881732335 0.4911451211936883 0.5068026321505718 0.7354308393557479 0.5584698012023781 0.45255993623903046 0.5383486069628982 0.7454066815985806 0.596292682816764 0.5954332115741611 0.48467817403850216 0.43224009552890436
181 2172 0.4827049655148492 0 0 0.08800188906964578 0.7895957239793719 0.5440788339248731 0.5083123038666043 0.49518227447385726 0.5104674329899197 0.7425269419953919 0.5641866124796453 0.45620688421855377 0.5392119383972341 0.7460185611519508 0.6051491589802552 0.61077957263112 0.4851046680108023 0.43555705778030224
182 2184 0.4951509486282098 0 0 0.08984858249425491 0.8072806349804225 0.5683778863217371 0.5218509749961587 0.5092711445445507 0.523462679604552 0.7660823973063826 0.5721187854368555 0.4651650927871627 0.5403843117279924 0.7641648390174927 0.6109958092079197 0.631288363859335 0.4987118088725031 0.45212891990854753
183 2196 0.5295991661127386 0 0 0.09511379256602011 0.8670136114476935 0.6357529998869379 0.5597644330932815 0.5791072602053218 0.5712621244702029 0.8495962325166335 0.6178319485861653 0.4934348140016964 0.5676602531255512 0.8415088433222289 0.6701497397572388 0.7223086603108635 0.5401882205210279 0.48527383361110166
184 2208 0.5515815216075434 0 0 0.09978506795736317 0.9045647286956465 0.6810245586140985 0.5831318089025075 0.6082676370594713 0.5947468166895029 0.8919798021725742 0.6371382285457688 0.5226745527165806 0.5914671765307138 0.8672402681006566 0.6988210996942785 0.7650305581576134 0.558633024742563 0.5024064156517328
185 2220 0.6146275331454766 0 0 0.11025018942428803 1.042983958120786 0.7931722312231048 0.6451185409121833 0.6876953868718533 0.662968916440109 1.0005056422530931 0.7112770069529627 0.5784390945278157 0.6540345049456461 0.9640937619433796 0.7791915985679108 0.8748111162445515 0.6107419101266877 0.565012944962966
186 2232 0.6648934745569862 0 0 0.11844071738237971 1.176570578921486 0.8919601800723638 0.6999067133324662 0.7429130510861252 0.7192668301684175 1.0939005737656864 0.7744818364393751 0.6292962654421214 0.7006944270918786 1.045261582194907 0.8512929553522376 0.9715010254461184 0.6573868247415252 0.6047170874596409
187 2244 0.7186709339494436 0 0 0.1279539859916201 1.3090894724270636 1.0101378795210272 0.7609817163881636 0.8029928615837535 0.7797975907582078 1.1852209763370534 0.8434038069713625 0.693246148021813 0.7530548397969327 1.122206272492675 0.9327927858949693 1.0601691154393078 0.697648242699617 0.6591410111310188
188 2256 0.7483482726141447 0 0 0.13157772028391324 1.3818435847229817 1.0874000662418803 0.7895167567016923 0.8334482301220034 0.8091636358612467 1.2441777325338057 0.8812433675119032 0.7196565470686126 0.7692723228058183 1.165495618103844 0.9978544986078447 1.1109906311437399 0.7169672896253568 0.6888959040687541
189 2268 0.7838742883952373 0 0 0.13552038297244257 1.4480717794398854 1.1853163037993135 0.823765662470993 0.911838617747927 0.8684519361337657 1.3520799447497305 0.9357540328220245 0.7538743410697136 0.7914921815643806 1.2287528550176 1.0827913158098448 1.1832715832788625 0.7621497725330189 0.7168939383648489
190 2280 0.7948506779713425 0 0 0.13791321929873282 1.4834385163963018 1.2318122020108713 0.8313517896708515 0.9328724027594842 0.8859688670764813 1.4216888896601232 0.9465838383575355 0.7729228608627713 0.8040228062905412 1.243008053667266 1.135306918525841 1.2287930011183985 0.7765555153734904 0.7096733395044528
191 2292 0.7883355031805976 0 0 0.13691100294793035 1.4671100824994707 1.2252614581557266 0.8287164514493701 0.9172942562970898 0.880444225293961 1.40803358904966 0.9302325564876397 0.7701953297990392 0.7985552835311266 1.2303333823475264 1.1441697560584911 1.209524058142062 0.7683718360803675 0.7059401925362068
192 2304 0.8210998503263263 0 0 0.14055876591752905 1.58070157302866 1.3684461587344126 0.8654510741949316 0.9792271111053301 0.9260735022490753 1.561824717974218 0.9954649476682164 0.815848443714007 0.831428134043992 1.2782827388505273 1.251101116016377 1.3115724873175565 0.7907136448644142 0.734032762521897
193 2316 0.8622887829306732 0 0 0.14768147454038344 1.7516437902969326 1.5134952047567214 0.9125652179316516 1.031748482651894 0.9628439741046831 1.6855268262309286 1.0600700744721927 0.859135690480744 0.8781448432918162 1.3160227691785271 1.3507726234482327 1.4178180208898972 0.8430243176663729 0.7645059009319948
194 2328 0.8922196168515663 0 0 0.1540683022059059 1.8819173036940364 1.6004858708536618 0.9394804484408794 1.0678834523371432 0.9982283852442869 1.760535623060283 1.0994638957189373 0.8914806799522315 0.9078952947937029 1.3615183267547064 1.4100114122519682 1.4831681572072464 0.8919814208676907 0.8059059801256422
195 2340 0.9331441505415436 0 0 0.16089275523625923 2.0462982715575944 1.7077418233668775 0.9966965363034013 1.1070874867838738 1.0396102056625491 1.841025191218576 1.1591939506375453 0.9277988390407481 0.9377003684329199 1.415959788946604 1.4837753126739945 1.576447961166816 0.9269760507008645 0.843891471647913
196 2352 0.9723840069443961 0 0 0.16733357269944607 2.177427427318951 1.8260222054647415 1.036389505452089 1.14380605019883 1.0797291648276919 1.9337600004930626 1.2196936838373078 0.9657874803483468 0.981390442909397 1.4764799548637695 1.5684498947331618 1.6640004462466018 0.9573016888041381 0.8688354953056662
197 2364 0.9611085769037598 0 0 0.16593455747024513 2.1842186803890247 1.842253313992744 1.035519202177639 1.1367297042721685 1.07423738167765 1.9490027238236747 1.2170180522145249 0.9570126018693784 0.9583899908873416 1.467105895636897 1.5791841319473234 1.685588393370575 0.9468405093446871 0.8699590928162497
198 2376 0.9313604062694586 0 0 0.16142221889711086 2.125720781907578 1.7976880298198503 1.0163511298602306 1.1024657635646975 1.0370244986033945 1.8975695088466524 1.184007723129991 0.9283406245852907 0.9497085448148439 1.4180466313069093 1.545664217331956 1.6479142303473364 0.9177013027243405 0.8386763244302746
199 2388 0.9196400124988251 0 0 0.15791203717905405 2.1418937754061895 1.8137511808768694 0.9938066160099915 1.0842413021364568 1.0272321114333405 1.8905482002312193 1.1780946287426215 0.9189738786419692 0.9364101467798328 1.3964036975660914 1.56755916906027 1.6513654371117217 0.90665052449752 0.8366290031847837
200 2400 0.938833185063657 0 0 0.16312204829791785 2.2074026960524313 1.8882092946360052 1.015606308466463 1.101056521833202 1.0545817532610424 1.9507015185505592 1.233778676560785 0.9342454029238241 0.9618314548558566 1.426288207611038 1.6121394945312757 1.7130239130730454 0.9329276203708078 0.8644708443896902
201 2412 0.9417244199728495 0 0 0.16202651364466947 2.232023200454126 1.926480777573248 1.0343862063088658 1.0965750173055564 1.0743945371274546 1.980028156525831 1.2420746508623615 0.943630424313026 0.9779901149103912 1.4237044757529436 1.6525531340596307 1.7260667217803778 0.9351929370897876 0.8597853038745705
202 2424 0.9370948937156778 0 0 0.15780562557093855 2.2512049679978596 1.9710671928134216 1.0198493839004599 1.0882201450825952 1.0666139017547027 2.008126425147697 1.264002144907714 0.9449539349243438 0.971161981476218 1.4109850986954615 1.6832157344513112 1.7637334638499775 0.934296435607135 0.8544932501799006
203 2436 0.9703248587921781 0 0 0.16267455695950775 2.417090073911327 2.1647016153831746 1.0579044140310843 1.1672273373827564 1.1230498680836507 2.158217095361035 1.3480265697966123 1.0006041446035583 1.0111257178763646 1.4489353874798911 1.862064756729038 1.9000989293899468 0.9709432516918145 0.8645259855270909
204 2448 1.0047450045999786 0 0 0.16757039937425547 2.5506319514815057 2.3213250014836633 1.082634996962351 1.2205402230342772 1.1732560452656935 2.3407062289381178 1.43027571608233 1.0982236186863847 1.0412918026779134 1.5176874804471925 2.0005719024004645 2.023394814895753 1.0073971729094475 0.8945781133288032
205 2460 0.9768587482328771 0 0 0.15869856834254856 2.4574028443581724 2.2996076388271214 1.063328773243818 1.2004462607938218 1.1379981582383762 2.3258575307881504 1.4108745634655926 1.0904565612713573 1.0271343011169907 1.5097017459206685 1.9894919053349023 1.9818352454320658 0.9852220943025637 0.8669675238528247
206 2472 0.9656540505546642 0 0 0.1525109893645773 2.3799436981218864 2.265221065879084 1.038393830743242 1.1989614393229706 1.1488104584022591 2.278598168906538 1.4048795308038644 1.0670195769486457 0.9979946726709431 1.503888634639893 1.9648422300297983 1.9635118266819527 0.9748039855069172 0.8639420769087564
207 2484 0.9434037088562339 0 0 0.1473507402237446 2.3156449696144215 2.204753896993563 1.0152255228842526 1.18303600005734 1.1259995900464193 2.2344374013138952 1.3845103384930844 1.0432530916631362 0.9677804547411055 1.4781168909331874 1.9116173822557505 1.9199214533297448 0.949913860820405 0.8458686603300014
208 2496 0.8916448778177999 0 0 0.137623627212192 2.158486205028173 2.075944404216295 0.9642738567980516 1.1104284957646036 1.0483639815780303 2.083514104386389 1.308419836266608 0.9808236903383701 0.912480248971319 1.399176752195844 1.7877640022006527 1.8072156445717706 0.9040417445149976 0.7816730617816215
209 2508 0.9146080099950327 0 0 0.14117576205849075 2.266401046361895 2.199792685617002 0.9971665268849551 1.1392407227789039 1.0712632604652168 2.1695220613068718 1.3747232715091295 1.0243804128480973 0.944310308865145 1.4503714654883397 1.8735821346552197 1.9519260097822198 0.9341905134898794 0.8168352759250916
210 2520 0.9517002038824637 0 0 0.1457574048013367 2.358422429560922 2.3234035168326077 1.0389257203742188 1.1932782530729413 1.1219701384487906 2.2799334933473476 1.4671370263286363 1.0574154368727837 0.980566254173718 1.510794535961451 1.9740803254786803 2.1097646282057623 0.964994009680189 0.8596849848055662
211 2532 0.9226451672271159 0 0 0.1391568770743376 2.269195435120827 2.2574337791337675 0.9980183667039912 1.1551894261093136 1.0873104253493735 2.2120584896863233 1.4267256195462708 1.020430015108038 0.9419774755611747 1.4585068876880543 1.9121627041939038 2.054102443109944 0.9290352295591676 0.8232724779314619
212 2544 0.9293089159013681 0 0 0.14033853049954825 2.28346947460583 2.2820241687355822 1.0168185590081968 1.1623739051815376 1.0988515923940916 2.225707181033623 1.4529568482401112 1.022852216134471 0.9482849439107562 1.4949554925324393 1.9341499215787992 2.0966460044325017 0.9356702406065094 0.8431192137706124
213 2556 0.9230465124826436 0 0 0.13937759711957418 2.2588407948177633 2.24639396962386 1.0144277823897738 1.131782842112807 1.092524893838805 2.167592360803817 1.431518036522499 1.0173947264931138 0.9436409144435501 1.4719351957149704 1.887528840589045 2.064530580456867 0.9058357721998186 0.8365730557709308
214 2568 0.9087548817662712 0 0 0.13722691499721232 2.2223893362042766 2.2273761042106837 1.007278271182042 1.0959177335422563 1.0704394395251529 2.114607460590251 1.4181625396885378 1.0014560723092951 0.924786597852484 1.4456167540941132 1.8698097788103436 2.066286072312413 0.893705233447706 0.8135679659958795
215 2580 0.9269635916827998 0 0 0.13510826683862695 2.244157248902993 2.2579847786697123 1.034110987599821 1.0952315919224294 1.093173379602547 2.1339230867183723 1.431898720130434 1.0254763263198134 0.9380575261269196 1.4603932953957677 1.9331686014639207 2.101339860539462 0.9064597990420259 0.8255265090158191
216 2592 0.913162881952579 0 0 0.13053103729979582 2.1726783342415117 2.1856585344718433 1.014985940863301 1.0969726207483732 1.0792663946270704 2.0589101433636454 1.3854242764083748 1.006672158344529 0.9250445020508217 1.4290079967384306 1.870944986527469 2.03339272372288 0.8911289977398407 0.810357871773111
217 2604 0.9302313032848362 0 0 0.1301063719502664 2.16929690189392 2.2190672877056077 1.0472531655905628 1.128548778449545 1.1091908689638306 2.134272431275575 1.4162107249887066 1.0541199120380478 0.9641082170840896 1.4723723361986543 1.9568865474448773 2.0853165233062607 0.9159713307780598 0.821700819344878
218 2616 0.9123988163078438 0 0 0.12530057909350314 2.0960008536587047 2.1634058618086884 1.0133157459909288 1.1274432481465277 1.0809453455628377 2.0928197608008468 1.397903025368077 1.0348169715116162 0.9370651490020236 1.4580956419791475 1.9097916176339285 2.041572501066394 0.9009042409153325 0.7935162920161261
219 2628 0.8976857657138 0 0 0.12210604087595614 2.0598945013378938 2.1319916056877912 0.9838212282323037 1.1049128669666508 1.076255990683136 2.0648314017634224 1.371976333166806 1.0149926408355432 0.92302912139652 1.4322257319923015 1.877601281027824 2.023253924852889 0.87268687741594 0.8009205669850891
220 2640 0.8817705731683181 0 0 0.11834386166296945 2.0026311735326994 2.075599747466462 0.9556965216951618 1.076554851595598 1.0486071032514015 2.013516835440052 1.3532307375008759 1.0045040472668167 0.9127049659407905 1.4225435025781679 1.835604585638482 1.9735056602553398 0.8550365716529144 0.7943179981853143
221 2652 0.8696888071888945 0 0 0.11630295942732903 1.9741609589873754 2.0434247343228984 0.9516267206171429 1.0692552397648998 1.0341816113266156 1.9924608238086436 1.3375754830908204 0.9967766460204966 0.9116792076820247 1.4136353949930665 1.8063787883971072 1.9462639280780996 0.866676956716229 0.7655320511008177
222 2664 0.845177260211068 0 0 0.11316876097029724 1.9054347649291206 1.9596099144757555 0.9236352563391805 1.038352430659005 0.9987321559534034 1.9126712477802301 1.2801534827264152 0.9718878627156629 0.8812449297686232 1.389988288227169 1.7341644135635965 1.8696155061332174 0.8573020588897182 0.7520936294715261
223 2676 0.870501883510055 0 0 0.11270810136578246 1.9239938284972296 1.983708136288794 0.9576514912560868 1.0654415982956456 1.0224692681198373 1.9689135822801536 1.3037642314867128 0.9994187990171745 0.9117002529361548 1.4615371085537086 1.7702347452972498 1.9037542314370968 0.8907167882487455 0.7681854646541213
224 2688 0.934761609031 0 0 0.12090032203390295 2.058474930605372 2.1163509076956823 1.0282663600392183 1.1356333184752139 1.0934782719823841 2.092748341473757 1.3890624778792693 1.0557292149043058 0.9692170140854894 1.6069041324278897 1.8937741299894013 2.0392937942921474 0.9704459837599865 0.820131339912458
225 2700 0.9901189168441402 0 0 0.12747541194490272 2.166068900571201 2.2062249610684916 1.095121177673816 1.2028799725349295 1.1556783830534232 2.1840690114762835 1.4650729802878684 1.0930104642541794 1.0387938783362307 1.7282986351691425 1.9998135413367053 2.14951735033739 1.0454951160293882 0.8645418617655884
226 2712 0.9633792732850532 0 0 0.12350257910416579 2.056574588086704 2.1025654071607485 1.06223063755191 1.1612047395325702 1.1225494942919803 2.0901600075155526 1.3834754542139918 1.0483711753596907 1.012449412955102 1.704707884166198 1.9257609091179362 2.0277924070259683 1.030200420946791 0.8473229149292538
227 2724 0.9826385110841135 0 0 0.12282333439429081 2.098028673737152 2.1569996195753154 1.0954412286747672 1.1983750057732816 1.1482368385292554 2.1577210743513136 1.4497132667583543 1.065735208446013 1.0412115174011407 1.776559804976569 1.9800902993321674 2.087677480105608 1.050162394653031 0.8643446684250716
228 2736 0.9812935046028766 0 0 0.1202284290996692 2.0971894058432134 2.1452873755847914 1.102371060468174 1.1891124658685939 1.1598126173788836 2.1622632435128657 1.4548075610019922 1.0711163011563312 1.0465330292770365 1.7667311321658712 1.9564247039227909 2.0942788991648875 1.0481095309125719 0.8682680182509342
229 2748 0.9474204322310694 0 0 0.11614016806003362 2.0263759656330436 2.0678137237546306 1.0560725909220574 1.1436829358135492 1.1058488163590494 2.084271139561477 1.4048987614944621 1.0328904810562185 1.0119331927004387 1.6992216782154876 1.8885637067184489 1.999231241886232 1.0183392667886995 0.8361544359987548
230 2760 0.9414692803034252 0 0 0.11399614924437948 1.9714301715442963 2.077568377114996 1.08391419421445 1.150721058676929 1.0964241112862885 2.1447440948625363 1.433703131123804 1.037361236351712 1.0172343377297508 1.706022023643182 1.9013568930476068 2.0439484624781996 1.0326768745705326 0.8352995418835969
231 2772 0.9018934398168766 0 0 0.10707014628138962 1.8651263124959911 1.9899430918935284 1.0525979207576217 1.1015745253349924 1.0544203659796654 2.059017449025219 1.387084247362543 1.0006104865551408 0.9834380562459824 1.636867013315788 1.8303070698503605 1.962011270644449 1.0023723185119293 0.7783412927751646
232 2784 0.8866933049462322 0 0 0.10415597654263185 1.8419296574483075 1.9546916640723286 1.0510700320367834 1.0798165802536288 1.0312816192583838 2.0146839900336984 1.359512991695291 0.9883242720326033 0.9671715522449982 1.6214033410974646 1.7872295005095278 1.9316666119065753 0.9826641511764239 0.7662516733666461
233 2796 0.8365812126781699 0 0 0.09852642626120091 1.7317216240137674 1.8227587322255523 1.0124197852767156 1.007196929240992 0.972368407534616 1.8724105075988837 1.2758650123230937 0.9231862414343444 0.9240568296168393 1.5444800713841809 1.6771647148425746 1.8272830385588699 0.923937634420877 0.7273746010343304
234 2808 0.8040511413658403 0 0 0.09344068207443772 1.6660788537636197 1.7593655854116617 0.9786920618952686 0.9844843856487686 0.9432993895699227 1.8157850469364156 1.2467738660142016 0.8776002193776904 0.8828740803698555 1.4901023281175687 1.618857079082056 1.7611652851163753 0.8821776001670975 0.7022054879461898
235 2820 0.7677399406679826 0 0 0.08899661102070067 1.5879386555618042 1.652044004130833 0.9446643482725913 0.9377724667945345 0.8962084378565065 1.722169032530581 1.1818324237386582 0.8460832867436976 0.8372860987523341 1.4164347390738445 1.5341346832302167 1.665843682958626 0.8403859635790487 0.6761388626308842
236 2832 0.7400140869975957 0 0 0.08512520188444722 1.519453714293318 1.5820420207523125 0.909200937718805 0.8993085175066071 0.8605501774715838 1.6544662288527339 1.145753617682217 0.8172704127507353 0.7990812180386827 1.3727969523573968 1.4687321400767905 1.6066125242568448 0.8072796882252163 0.6523317161357424
237 2844 0.714208873527417 0 0 0.08228943643981357 1.4771746031594546 1.5241089826506666 0.8644994795698545 0.8571492047170772 0.8270469909948219 1.5808235938435249 1.1154790435320567 0.792563058500596 0.7720802207847891 1.3213245755035317 1.404349533371904 1.569140521466794 0.7690386751912905 0.636657355727827
238 2856 0.6957287112498659 0 0 0.0791746165588907 1.441401019285676 1.4799106494556202 0.8338358949430003 0.8355325711413915 0.8089809984860373 1.5328348048716995 1.082650969139895 0.7661356629623448 0.745470979828617 1.291296890145151 1.348179221152918 1.5217693071172895 0.756130364001333 0.6243571568478232
239 2868 0.704707078732865 0 0 0.07912200290744942 1.4389867349595722 1.4999103476285576 0.8403938534669497 0.8728088691008815 0.8184714423000606 1.557196373495398 1.093535832138739 0.7818850228831767 0.7573145948968468 1.328718256119024 1.3660317917826013 1.5546071037663873 0.7744072292134081 0.6338002338383694
240 2880 0.7555702398415355 0 0 0.0838069545682009 1.5476532118043227 1.5754093128641902 0.9267514120106702 0.936574459786673 0.873213000587438 1.6490946763292942 1.1789551856997957 0.839262656334052 0.8188311914281665 1.454407487680033 1.446875465196953 1.6326715710445783 0.8300600703838773 0.6759472815808867
241 2892 0.7491813855817253 0 0 0.08308530793343143 1.540888460421474 1.5716246231049822 0.9219284974372491 0.9360273420207371 0.8536408321424268 1.6274214584904152 1.1715295158874266 0.835359919115369 0.7983191785119398 1.4516212429406754 1.4430660448844375 1.6292487146690127 0.8164703921271859 0.6649891280279853
242 2904 0.7739095221253175 0 0 0.08422792101843923 1.574562968854743 1.6010187072457305 0.9891179319240384 0.9711762102371222 0.8845517241806254 1.6728551272682535 1.2147624615750208 0.8733967158624129 0.8222153285108167 1.5023432357366675 1.4853473293550665 1.673391103609611 0.837345067567374 0.6791786085957207
243 2916 0.7678276378097469 0 0 0.08337204839803085 1.5471412318647255 1.5640761066820805 0.9883757884433062 0.962121909182477 0.8668519381866716 1.6356610736513648 1.1969248766446652 0.8726262750072202 0.8246849455788504 1.4883631116063227 1.4726815707781826 1.6339646241425354 0.8202165392419496 0.6731772029547655
244 2928 0.7210801699363747 0 0 0.07619485426859275 1.4333081036417392 1.4463874634792104 0.9392129651765446 0.9010163790064658 0.8185569288969694 1.5161755784682471 1.097916131314837 0.8221990228988946 0.7634044854673402 1.3864814851754401 1.3679107051555153 1.5050311057701902 0.7698915996950662 0.636491970468528
245 2940 0.6673228401772153 0 0 0.06906978974443632 1.289331724153866 1.3206137870889196 0.875338611407204 0.8303115961481429 0.7617726141662028 1.4067014694203368 1.0144067445454796 0.756824211160872 0.6965813810015506 1.2845058800979536 1.253464766993576 1.3809146229700948 0.7043651275590691 0.5835701827670479
246 2952 0.6573150159870601 0 0 0.06816224792904678 1.2663176087867738 1.3148044266554253 0.8506587185061844 0.8216993604595815 0.7467406200990832 1.394501629199511 0.9988398008738134 0.7488049074072507 0.6835125486397431 1.2676878169972214 1.251423385607718 1.359442913287071 0.6924173467671281 0.5880553067533668
247 2964 0.6514233365190789 0 0 0.0671008069015162 1.2537759846421603 1.293409307800495 0.8396346972125817 0.8083201330593619 0.7416478523174415 1.3668122561867955 0.9858580433173529 0.7384967849903041 0.6734395371084964 1.2614367911311581 1.228951282479851 1.339593330925016 0.6950393762601202 0.5990159721453531
248 2976 0.6212870487005621 0 0 0.06339729563654337 1.185586049509368 1.2352198840638053 0.7942425129573819 0.7709778857365711 0.7140729102592981 1.3099479077501588 0.947554087401162 0.7005601466306629 0.6444493039986134 1.200931869867147 1.1763236680340372 1.2877383825749282 0.6610483584638536 0.5795223282495845
249 2988 0.5921127660806893 0 0 0.0599706491686089 1.1093006498443803 1.1580741469837572 0.7638974088267668 0.7411686157096272 0.6809158207699282 1.2453662447452443 0.9060001457132836 0.6709524079710327 0.6262517466838583 1.1540620471404799 1.1097490340983396 1.222944729551392 0.6293931181290567 0.5545864981929269
250 3000 0.6166179901934797 0 0 0.06192784254931218 1.1524593107525252 1.1923579175447478 0.8013438105923197 0.7710675758914314 0.729028356372151 1.2791119095730434 0.9432986339049974 0.6939619042743513 0.6598706187155029 1.1938337510632755 1.1455732832852985 1.2748727966944249 0.643890199134062 0.5821633462478656
251 3012 0.6168998467246061 0 0 0.05964050346236949 1.0984137251455428 1.1752525297292284 0.797685972148582 0.7906437737322081 0.7339920538576942 1.2921109469849612 0.9496825716457555 0.6952336809195506 0.6700507954318606 1.2167837389048994 1.1466495915837787 1.2595928095375666 0.6381640080156497 0.5963831585711505
252 3024 0.6135870977293849 0 0 0.057039816100462576 1.078311512121677 1.1534689757923078 0.7986456436350453 0.7943476243830714 0.7318957488842597 1.271721056294041 0.942939590687882 0.6758276152409084 0.6599790441599392 1.217034301382169 1.1162863281882311 1.2364139749712855 0.6333123705807462 0.5982221251553989
253 3036 0.6085515667879027 0 0 0.05611888793727784 1.0696181553326576 1.1376930554799678 0.7910290219887802 0.7814726511498513 0.7295245862438383 1.2564394057019002 0.9251982003906803 0.6712677130261169 0.6511104574241589 1.191163861245078 1.1127395336159007 1.2181168995213396 0.6207035969963405 0.60211304955413
254 3048 0.6260899482160598 0 0 0.05786177217777919 1.0873134085919822 1.1576717906252336 0.8135652452845628 0.8138239633996404 0.7585416649293035 1.2788641033050347 0.9484085680873865 0.6873284673622664 0.6659822544317331 1.2172494727395704 1.155944613112616 1.2413852514446708 0.6372685960914457 0.6271615116421577
255 3060 0.6354122412983848 0 0 0.05810896086039541 1.0970644063938448 1.1747120974950354 0.8384916047901397 0.8207908545663741 0.7675189065316463 1.300696420939993 0.9715859881650062 0.700348662598168 0.6778085265239606 1.2358876529873781 1.179162475378419 1.268088997510934 0.643769081893831 0.6432677080718857
256 3072 0.6298654637322547 0 0 0.05678553336378618 1.0861392917335528 1.170220782566043 0.834762781379594 0.8177890899257838 0.7617822597658952 1.3057336772338093 0.9701986756055867 0.6931441285789685 0.6676640602904013 1.2243589344277663 1.1809283846592984 1.269523638257011 0.6364945434021316 0.6284813720697491
257 3084 0.6082102270063352 0 0 0.05492414808314075 1.0479890504542586 1.1294301174898325 0.8004818516583347 0.7840174261047212 0.7395367037917703 1.2687517877899162 0.932467551952881 0.6787276032576494 0.6403030224020378 1.1863569181387152 1.1460817791811864 1.231215053195102 0.6141838127186289 0.6088214103414729
258 3096 0.6244059013258189 0 0 0.05600549537574811 1.0770488012232269 1.1551997851545213 0.809035637655028 0.8067855589853327 0.7624995486724016 1.310450769323341 0.9430844541142869 0.6966921441585835 0.6535494290978711 1.2154000248619854 1.16445665175731 1.257397780661931 0.6373493651599147 0.6352913781793614
259 3108 0.6884831252894156 0 0 0.060759155790105934 1.20054338210067 1.2688817528163048 0.9005193511727073 0.907871720214245 0.8334957887474864 1.4501667518259818 1.0397604159036478 0.7655877425775269 0.7151305902900029 1.3471406505079662 1.2909143165857409 1.3962692923406401 0.7066014779126623 0.7210763022505978
260 3120 0.7516921847788863 0 0 0.06628803565386848 1.3024290726893337 1.3705649380230105 0.9749378630499468 1.0015127400312274 0.9052376709494173 1.5997951327432012 1.1350833737707469 0.8471039529452001 0.782498014657861 1.4819627076092552 1.4033942625166254 1.5238954706801802 0.7773623338458128 0.8032038808431896
261 3132 0.816904107670359 0 0 0.07073901357791403 1.4200551077953956 1.4648789407489275 1.0677957072784379 1.0982467699811482 0.9781237680236804 1.7387073740116143 1.2226303342005653 0.928505821832383 0.8504306278978583 1.6027080258204363 1.5164031697923057 1.6226362394898333 0.8510324987417994 0.8855867011143375
262 3144 0.8457601617552164 0 0 0.07371364327372167 1.4659993608666473 1.5222261952725513 1.1093158509733958 1.13814311319422 1.023636198465784 1.7962620262438358 1.2647401721186105 0.9512798294286768 0.8750973772252824 1.6724576062852932 1.5607735769562616 1.6881793722841736 0.8896171742122043 0.9030776019134399
263 3156 0.8574659844987175 0 0 0.07384549903939058 1.4656825439686554 1.5449655430714746 1.1204052794656096 1.1472145124724804 1.038004059646379 1.8283944373273602 1.2797349828962818 0.9723199325088631 0.88391094836426 1.6999032640743292 1.597192234758765 1.7006088191343023 0.904655259777753 0.9088597941454845
264 3168 0.8904806977011609 0 0 0.07622766753788203 1.5279012655044566 1.6110942762704696 1.137152625943903 1.2009624213630565 1.0714257511612053 1.8867359660647793 1.3303996377047724 1.007347272444411 0.930114090882667 1.7902984129377268 1.646542183096667 1.772401211971351 0.9556579672745192 0.9419062763412064
265 3180 0.9815367179445522 0 0 0.08376482968505523 1.6905039742730845 1.7784120304260793 1.2566678151270685 1.3780890653743636 1.1760735636284145 2.1260677972223365 1.4687298728155103 1.1187027606381963 1.0266766276715023 2.0117192308808765 1.8309915976909628 1.956476143495669 1.0620728013697034 1.1111642757453999
266 3192 1.0743255405009637 0 0 0.09137431474647281 1.84376346384125 1.9465141309182656 1.429147482330096 1.5630152962434154 1.2783718726745148 2.351661986639172 1.6336577918015571 1.2299456444389216 1.1338181843291604 2.2161131481748257 2.016910913554274 2.1607392872835556 1.1612000605359547 1.2689615562231829
267 3204 1.0194645999618428 0 0 0.08562779609740716 1.751835643714343 1.8446431698692003 1.370396846730994 1.4874660289214476 1.2190917906026852 2.2225780770248393 1.5329662064529235 1.1614602636974316 1.0766919401857606 2.106079923011315 1.9027481547393126 2.0403245711122207 1.0929608436013565 1.2121732385560842
268 3216 1.006943126347598 0 0 0.08386256100214638 1.726029321695001 1.830095917091478 1.3639700984816512 1.4655815934782113 1.2041057964760857 2.1812517608713122 1.5169324077052755 1.142393346136364 1.0521513108872724 2.0992207930707005 1.8702117178532767 2.02381243250761 1.074625608901264 1.2011290677645179
269 3228 1.037761899080576 0 0 0.0868650502726884 1.785458525638082 1.8673006508571635 1.4073986832939063 1.49179586744256 1.2507430719583916 2.2354587599029823 1.5618267033884807 1.1817760833648767 1.0758424464041252 2.1916418853444233 1.912613007343799 2.0695578853605423 1.0912545139978584 1.2456135900941023
270 3240 1.127344930742779 0 0 0.09481929126217604 1.955082093899359 1.9985451382293193 1.5708919854143983 1.6391336556309035 1.3642282524677833 2.399950617592196 1.7003441430249002 1.2782916736992986 1.1449951729119117 2.4307549487265887 2.0302979726463164 2.2398578669511857 1.1865057572067272 1.4430117788230221
271 3252 1.1997369638911646 0 0 0.09919231665203189 2.076092478239223 2.119155256290467 1.7011502690640705 1.7302221866676342 1.4702785049402445 2.5119493863884843 1.8361643591039554 1.375678539446881 1.2023059917956733 2.5984828589075724 2.1336383503675624 2.3677582323986 1.2588220959496137 1.5789126869556234
272 3264 1.2694418766620215 0 0 0.10269098280795677 2.2019641842684083 2.260777472848947 1.8527199554255396 1.8288334901405456 1.5561401115985072 2.64817821403166 1.962869008521172 1.454788802759707 1.2725439747628036 2.8391155439878015 2.2398587548464777 2.515576244246718 1.3388319895662701 1.7032257508493491
273 3276 1.349013946762758 0 0 0.10739467670594968 2.3825828730536016 2.409901387275415 2.010675730399244 1.9785653896900564 1.66640958932479 2.811876003572685 2.1440027966198807 1.548905166896496 1.3474013875732147 3.1161962908300187 2.3685153449765988 2.707036597782216 1.432717052121934 1.849069944319331
274 3288 1.3282556764946574 0 0 0.10563028163514326 2.364349567359285 2.3572567558880433 1.9886516624446462 2.0201764780879072 1.6653451965344164 2.7788914872408648 2.1373872108797594 1.5123434659220771 1.3425773406710362 3.0836539482720426 2.2908312501787416 2.6716059361452174 1.4225023578536904 1.8391193158245527
275 3300 1.4110305191729513 0 0 0.11218523566441045 2.536161112130518 2.5153808020016806 2.1658919305308353 2.2265404939478173 1.7588901682538207 2.9651477642818773 2.3201239938685947 1.6027188674817503 1.4233806826018287 3.3882236680629307 2.463080452374273 2.868997836131047 1.5412978236013395 2.081194738333645
276 3312 1.425731879570016 0 0 0.11306314151476703 2.5774776463395566 2.535202832102017 2.202906982713619 2.2782499689936095 1.78518091170937 3.010996720995855 2.353334425125948 1.6165607513912472 1.4290566657480712 3.495541447658152 2.48911605435812 2.893698676998471 1.5742456532758313 2.1414696427747524
