% # columns="iteration, evaluation, void, void, void, xmean", seed=342524, Fri Oct 13 12:19:27 2023, <python>{}</python> # scaling_of_variables: 1, typical_x: 0
1 12 0 0 0 -0.11245516625688323 -0.10046391159825663 1.421739297246911 -1.804047045302789 -0.32922597744208637 0.7644196470852349 1.1433322874484375 0.5326487249685299 1.5541098918816192 0.2433644276938055 -1.0549090809135433 -0.7632078953300782 1.4741973367256298 0.11578522083846587 -1.5452222241973703
2 24 0 0 0 -0.019963477529494206 0.823366589530848 1.3245012419981343 -0.06190814415093726 0.048535292094769145 0.2977342684775947 -0.18631681893933383 0.9685551534606784 1.4183034046490135 -0.7346174239690371 0.33650303725113573 -0.08839293912442892 1.6026882104684337 0.8241472142376551 -2.193128468508416
3 36 0 0 0 1.1342885704833343 2.256623113240852 0.893676302876969 -0.1786532753926698 0.14783045198498415 -0.9005924396188207 0.14073796016044554 1.259786085237747 1.1439793623579382 -1.631506186554318 1.2780609198645354 0.287681546706914 -0.2898255368856357 0.22616287842207417 -1.0966777021231315
4 48 0 0 0 1.6763541804220061 2.7953698301077408 1.5606193751365118 -0.6568503249395481 0.019642004332372537 -1.342908487138649 -0.7503662541165259 2.5334678370935357 0.23881472082093813 -2.174177269728966 1.3508060028736342 -0.5409909355801434 0.38048981061166076 0.3966424038477612 -1.1177799688845287
5 60 0 0 0 1.7220757536530014 3.351915805312486 1.8835830705803978 -0.6692670206069365 -0.7757664389920828 -1.930556675956198 -2.096376295223601 2.8950841449761353 1.4130648847212899 -2.6977107858612617 2.5694649741632207 -0.2522819726565804 0.3031841859039867 -0.42706640704499516 -1.232368233805856
6 72 0 0 0 3.214366883411142 3.618625335782147 3.2542008466913552 -1.0487925000799805 0.4264834796352227 -1.192397165069557 -1.5118265125987675 3.2096750387129886 0.49516363210482117 -3.6215799721614053 3.509956478502351 0.7662968064673481 -0.39050376826379024 -0.3842567484022567 -1.0553389252477667
7 84 0 0 0 3.7088105653495624 3.251016449921571 2.831980937674595 -0.38704374777132977 0.6647727610408503 -0.38049791449498915 -1.0964042080818344 2.8765700864441843 0.3713073131655583 -4.469936063825369 3.058730623472779 0.9152503825499233 -0.8348367353570434 -2.2328153853054777 -0.8058168535081711
8 96 0 0 0 4.998223784009898 4.2102385112408465 2.0448259479427486 0.4152095016510646 0.6243730266280846 -0.22576283902581132 0.3747022928647641 2.9591593218512675 -2.238336213290185 -2.7507515466557937 2.0696479056926824 0.9925044868868612 -0.7860962611406517 -3.1515131406038623 0.646829334542425
9 108 0 0 0 5.2000835309125915 5.620455365741842 1.7045307296397725 1.011147680623124 0.5741232345858686 -0.1952522853072594 -0.24106492857714623 3.076009237392893 -2.7712629720704554 -3.967626970904618 2.419031484509626 0.9941581658933547 -1.4253461793937983 -3.1707642767285296 1.3535680027253947
10 120 0 0 0 4.840827415949652 5.811244359110659 0.83680267732611 1.6459257444253832 -0.43583662029607806 -0.28659779478929237 0.7758423136508477 3.528604860858791 -3.6324535363340757 -2.380569398382863 2.2316603806162107 0.6402364969119146 -1.1730026056320253 -3.2517113431583033 -0.06223089625435074
11 132 0 0 0 4.9021590884384985 5.191344462900804 -0.8917546704871467 3.4094989536298943 -0.4259142261075739 0.3013693539420822 1.0318613770693557 3.6521804839949503 -5.171329800561226 -1.3334681164410542 2.140503010511335 -0.14512994431323867 0.0025286309145919894 -3.5247858162272756 -0.034163927489825774
12 144 0 0 0 4.490371632489549 5.397788469748684 -2.3096123172602665 3.4462761015784777 -0.339590812140217 -0.3441791999371068 2.1257587577251167 2.8578566860133225 -4.987486771022538 -1.6924171762133695 1.7379697641138083 -1.099020077269401 0.5462725434940238 -1.739521710659516 0.7192162398284649
13 156 0 0 0 4.871050526104882 6.064017353343116 -0.45313370244949214 2.8154471011145117 -1.3973317275092696 0.3533007568498303 3.0796516880319107 2.39116090424571 -6.352135213547485 -0.9911628588827652 2.322555868514551 -1.4420310827072396 -0.023662180642334274 -2.4474320936498133 0.9587262693270229
14 168 0 0 0 5.746352194556956 7.586868572778345 0.10915349002541996 3.737217169303856 -1.3744690806527458 0.5525591818848101 2.079614825496488 3.739692878948621 -6.575300588840529 -1.3937836579332397 1.3474191301962797 -2.853313071229012 0.5751969644743722 -2.4705030593024144 0.7047211712829984
15 180 0 0 0 6.269093424034179 7.947269005986726 0.14411742921830423 2.703014875327204 -0.2275344240540762 0.3905839349002736 2.9463436183978096 3.2337335693669296 -7.425971927041072 -1.7847696226183265 2.274538693213288 -3.063040859751253 0.12116460812494667 -3.0215122448107343 0.7629999102219335
16 192 0 0 0 5.211166196171901 8.113931736027846 -0.004244057817903879 2.2907780090901553 -1.281939414578319 0.14805725697073158 3.290994359560454 3.009880117406245 -6.075108836356046 -0.1800368595107551 2.09202099711327 -3.184379616825346 1.018813863147071 -4.307970039592205 1.3587989968046008
17 204 0 0 0 5.589625690427945 8.176121690975563 0.15594960789029186 2.385650333202138 -0.2886022338867902 0.2842483144710583 2.5295575426630212 2.8582693937432264 -5.187332724325563 -0.3409249025787456 1.6917399826002584 -3.1912860609759006 0.48319401403912066 -5.278353516921907 1.430730548293385
18 216 0 0 0 5.017873132395737 8.285872213756003 0.9989641236397926 3.4331848163990393 -1.735733989479188 0.05103852589000288 1.431620138667933 2.0476211472520625 -5.484417688095404 -0.20795827913536727 1.1714031301381367 -1.9421501966386154 0.2127467022447141 -4.404431255120073 1.2118382251417978
19 228 0 0 0 5.928441157248741 9.265160052102162 0.715509548153534 4.3147391674965405 -1.152110773382629 0.007031804631741939 1.747152259273612 1.8189111315232165 -6.15503422737943 -0.288473007237218 1.5645918691179492 -1.816047056851754 -0.46602031235157687 -3.632825510724526 2.0945543149298995
20 240 0 0 0 7.062698125030933 9.426394915409979 1.187979976843815 3.310336511247343 -0.9135384817582055 -0.18168780645678614 1.4081453561491304 2.774584002713627 -6.590879927728139 0.5848016485179721 2.269858390012356 -4.169193978880678 -1.315990125231651 -3.112594676742558 1.7313120697154853
21 252 0 0 0 6.646240872999491 10.241764113324189 1.6739630070097435 3.435920192882454 -0.9874837485768101 -0.5650671228444912 1.894389020892258 2.071330247588149 -7.331625320471433 0.1351125811096352 1.9017375294826016 -3.2014273066890246 -0.37279474149602154 -3.2867866887838066 1.5250958466241422
22 264 0 0 0 7.206807698975952 10.785813647159603 2.644332889544783 3.472725336394471 -0.8983168758860297 -0.9914834618990254 2.9750890184243874 1.1567283060236884 -8.121217011324854 0.23998718057047058 1.9783614388678659 -3.6323557392442174 -0.5347937570973732 -2.9114018737803073 1.113108469467375
23 276 0 0 0 6.993528337384652 12.132101394094336 2.8514207173449937 3.237480878635706 -1.7982000887058298 -1.854781426110342 2.6521361358772735 2.5605238106495443 -9.286798941459994 0.6753823741693419 3.3507611001367645 -4.236692193657303 -0.7666959838510715 -2.721182410231369 1.2896247562373349
24 288 0 0 0 6.476675526050946 12.625032398032417 3.2184305793109935 1.8495186337680114 -1.5727063671665873 -3.590303865695956 3.069027891064148 2.9627704379495694 -8.446819571414403 0.35557095568315067 3.483381075168501 -3.820376919658101 -0.6393978377630719 -3.056626223420882 1.5736630421513693
25 300 0 0 0 6.246790055240684 12.967291025248134 2.8186960271795862 0.12863229170185586 -1.6024333098905854 -3.9309494556491136 2.8864996570417527 3.069636024843836 -7.166230931841204 0.864182493960999 2.3197315768528757 -3.751531801915846 -0.13552945489317314 -2.7566205213924073 0.8180211925895207
26 312 0 0 0 5.975544700230847 14.297392922192051 4.28853088601565 1.3459804858205793 -2.91556720890136 -2.7169637166163447 2.6735468537358327 2.6100709593196907 -8.721939749627307 1.5192932836767639 2.3046712298950474 -4.762869783552512 0.1398081350951091 -3.2560569510614683 2.2675805930571826
27 324 0 0 0 5.305192990829049 14.448595701654607 3.8609369629579415 1.1450617240583878 -3.4636402914350937 -4.124767526214823 2.431094509119715 2.718765953933743 -8.202158663693822 2.077601896899114 2.3788181957080754 -4.002669710534001 0.6288392085790626 -3.802634127977952 2.656638407139853
28 336 0 0 0 5.709224698990341 15.11338290442514 3.7287619592824615 2.4019936058086104 -3.5178772858398997 -4.4058782252271955 1.551117219517807 2.9380940432730958 -7.488764641994327 1.9283806209976797 2.6423537978796663 -3.6442117464627395 -0.9073187304247232 -4.11413364042494 3.191439920635242
29 348 0 0 0 5.766232131863044 16.52631903947486 4.167187070559022 1.8312062558965259 -3.2099599991560552 -4.436207621488056 2.747248112675374 2.1340489412321406 -9.137733813237926 1.6037115869334018 1.9672419295059669 -3.5191016488863824 -0.37618116703904736 -4.4951900269887215 3.468684707059503
30 360 0 0 0 5.250843727692169 17.421433213988905 4.570887251086024 0.10854427298625646 -3.257694076649681 -3.935009575973047 3.006829065205279 1.7007531876009112 -9.539003997023194 0.6383603283456175 2.58405046026765 -3.832581358621615 -0.04968628418167531 -4.651757534406616 4.736644301129335
31 372 0 0 0 5.4137411303785985 18.31202032144677 4.233684178126841 -0.7244802010652277 -3.983954694704802 -4.928547719061831 3.0996912683858273 1.998599684250174 -10.32697109271838 0.44528830042480155 3.4166719455510384 -3.672246265554833 1.068067410957176 -5.7487485002542105 5.4822922017878435
32 384 0 0 0 3.997991722983631 18.11414292030569 3.1113483543548623 -1.2031619295403144 -3.9245474074889106 -4.433825238699688 2.193765116622264 2.122164154935874 -9.385988990847906 -0.7970039283833199 4.653025920834618 -3.125831872405584 0.4855080148227038 -4.538874756159247 5.441765227666701
33 396 0 0 0 2.2356356747249406 18.501545989322842 3.14788360825287 -1.3322893814891061 -4.195441021120941 -5.712867692126004 2.8320794747263855 0.5087609365154515 -9.607020909547467 -1.4349791101310645 4.357265441163981 -2.3621256341035983 0.7502900036552875 -2.589445269717287 5.553170908788791
34 408 0 0 0 1.760986548424114 18.784972423010675 3.032491577795518 -1.7636018687422925 -4.496397442777761 -6.013086908303971 2.3470556844592436 0.3914275201024561 -9.977031550229835 -1.9192524542635971 5.403254656780455 -1.873017524045118 1.3174351458108489 -2.0102432026907597 5.361219911715647
35 420 0 0 0 1.2724596572482338 17.578644214048797 1.637864722907774 -2.836920598955911 -6.157002803829252 -6.01680577113586 2.651145000078041 2.0211639352207023 -10.393031182631686 -1.0572860386988676 5.82853659625104 -2.6986471803113252 1.9149359135809343 -0.8130124411880173 5.380111273507794
36 432 0 0 0 2.1874439071618936 16.5008649576759 1.0883566623454386 -0.7313508143944207 -5.060568470924919 -6.1004373592554755 1.578406753019131 2.1081026655389454 -9.16754937967135 -1.022344715864819 5.845807518417195 -2.1246050352516006 1.0751562701649264 -1.2088409641386013 4.100668972068156
37 444 0 0 0 2.114556873960818 17.797295817882723 2.153762342554584 -1.5404652208533858 -5.291640993640606 -6.732040796179504 1.0237418277729813 2.809510667116211 -9.733411463836037 -0.7053716406365219 6.272447123929176 -3.240001916905007 2.496024809240307 -1.695872923972026 3.8768578833888663
38 456 0 0 0 1.5133386452131672 19.604312900552735 1.8808209112158272 -2.556332773958707 -5.5228255366721966 -6.571952579230664 1.906462107990237 2.7873696693255594 -11.30786180632103 -0.4709987816322395 6.225702740500039 -4.424108364655613 3.143508953802861 -2.03708624902697 4.701339681417239
39 468 0 0 0 1.7599541101250094 20.25939900855648 1.428195163573665 -3.1459678300252034 -4.843109743586921 -5.860372609666487 1.859388123887064 3.207070723716636 -11.67635014541981 -1.106142351586871 7.72713733975306 -4.52283779966716 2.409443649212275 -2.7060651996440463 5.221269050937783
40 480 0 0 0 0.7424562711918894 20.916882139139503 2.957067872935627 -3.2545260392480264 -6.584028006667554 -5.983456026802446 2.0829193189169493 2.738074628749804 -12.19405268002551 -0.24324278470947303 8.048788505731284 -3.5303946730868585 2.7471692695161254 -2.2748080098205308 3.6957642664661474
41 492 0 0 0 0.8653939596906877 21.353413480870397 3.4918662182176514 -3.1980191731373298 -6.506203137223324 -5.903972551511639 1.8254313906234514 1.588304765473514 -12.2045984222498 -0.8673002876111093 8.839545851241677 -2.332468875446883 2.068468031197577 -3.211370330500612 3.731912503745578
42 504 0 0 0 1.5199402434537257 22.480665053772466 4.517546823414343 -3.404360908231164 -8.025503282368192 -7.954427692931463 1.486024728784975 3.224645177775747 -13.579681390278038 -0.9093568633018119 9.728051306847329 -2.178225001417192 2.640093056708454 -3.2971381769103734 4.426875364951012
43 516 0 0 0 1.6539396228876393 23.115228651663045 4.456756583434923 -4.452405027392953 -7.29573062266286 -7.544914441162496 1.9172116267077124 1.805869246672883 -13.221033567105623 -1.4494103707032124 9.950897207794812 -1.5387242369138412 2.677485131110712 -2.913688093159825 3.9233922404073898
44 528 0 0 0 1.9813870779488147 24.10804064876491 5.124471423292182 -4.94930313593256 -5.843125216230736 -8.897606737224374 2.182118525187206 1.5015627935788234 -12.738194660834901 -1.6832899302594841 9.141254076560907 -1.654709702528174 2.1848934277214083 -3.2196093019111256 4.839047300403742
45 540 0 0 0 0.6823395839262043 23.75505036118747 3.7657142361347358 -6.294247635754312 -5.610793480683239 -9.924990048823771 2.030769191997841 3.04318084057853 -12.061678870722542 -1.913763881752266 8.85660663747422 -1.6335775484136654 2.9857336006174946 -2.109654850987515 4.141668182324613
46 552 0 0 0 -0.17011992955790312 24.239450295909492 3.367040035738619 -6.542171628245573 -5.096845148386731 -10.602536817199924 1.9958540410898813 3.1656962044877486 -12.61954054193873 -1.3303392953955782 8.296272692705383 -3.190354189908409 3.760033817245142 -0.4286150230366921 4.214813118897507
47 564 0 0 0 0.6886825907678625 24.15342590042809 2.8008868941545204 -6.938236271537197 -4.20277458911816 -10.758978298827639 2.5200243315561734 4.1862879178095085 -11.693186577554705 -1.6574547300244147 8.843576787432914 -3.892028007850875 2.935870999042042 -0.8335465921251388 4.090718524593419
48 576 0 0 0 0.7548041883146543 22.134663420033135 2.4387247636701788 -7.807647881229098 -3.7532634965834126 -10.260846464537382 4.122262843799217 4.405115503589443 -12.204386357765555 -1.277457122476877 8.495431114936538 -4.01422401701063 3.0198777617870207 -1.3403267916706478 3.5354264452856743
49 588 0 0 0 1.2127089633008608 22.37088195268024 2.0988519695651378 -8.1825755026344 -3.6906908173675204 -11.379327617913978 3.609645647222035 5.3632371181633705 -11.026746024180987 -1.186668107672364 8.23827493330985 -3.7358148105912057 2.4408641912483016 -0.7580500569063204 3.912731925691102
50 600 0 0 0 0.2101745316699637 22.591538231440026 1.1279953765639013 -7.836412715970283 -4.918444196301272 -11.105480111236183 3.8781967543424805 6.802589561032182 -11.517976634095966 -0.6657300775586616 8.345474799140455 -3.386639989988117 2.3250920652417832 -0.8808796501132254 3.0954922668905804
51 612 0 0 0 -0.38309953725916723 23.622497243497346 1.8560586322567585 -7.331372709263226 -4.697736552270473 -11.89188862217404 3.5906390258435428 6.212248061583659 -10.622872866701984 -1.1439454375891378 7.553849603763603 -3.4543206457977713 2.7327764762862747 -1.4009860512133014 3.3427895806479353
52 624 0 0 0 -0.6923461162550614 23.816369518416597 1.7185869972720755 -7.877399609816684 -3.1093722239459862 -12.489806360638942 4.506684833176305 5.806756477177309 -10.400265843493605 -1.1413333654140656 7.415621060324809 -3.5665598219784047 2.6091444454008235 -1.4739836137199247 3.036109670026862
53 636 0 0 0 -0.15550472043892616 24.341612971594696 1.691234104487064 -8.662140829773048 -3.930849135288133 -12.251171836088751 4.0440160324650885 5.8156257188041955 -10.728593976131044 -0.7172617990670169 7.022241693674762 -3.547533982666234 3.879157850912919 -1.5516735769186558 2.775397115597406
54 648 0 0 0 -0.763607682379423 24.768916903096006 0.8540645813389415 -7.705583925358991 -4.062948496804104 -11.36028456204584 3.995738153967332 5.276010390685861 -11.08267616375893 -1.4983359976193469 7.672680674831224 -3.6226404774953536 4.329301638508989 -1.4914835463756386 2.983895028642302
55 660 0 0 0 -0.4409853357889583 26.483774594266382 1.3015166610073463 -7.922326233854996 -4.768617577658354 -12.170594851239512 3.5065644363331936 4.850700033352439 -11.165523637387073 -2.00918317982408 8.631219567576697 -2.798070477052055 4.216617022025944 -2.20723324592146 3.7391153023239285
56 672 0 0 0 -0.9484783524240896 23.70467538614624 0.6416337885138985 -7.859579431263303 -4.325820844951667 -11.260302002119607 3.3486640942641563 5.8877074090758 -10.804922564713006 -2.025285160530329 7.958620561780661 -2.426526034241896 4.270170731742491 -1.1619243284524592 2.411603047251697
57 684 0 0 0 -0.27395676952179127 25.108433932394608 0.6590840326534207 -7.3554175928445655 -6.010207810219424 -11.524649121928261 2.8086708173105164 6.286405087511494 -11.662380417595527 -2.584086148395947 9.360597299137748 -2.327288079212499 4.697764457642224 -2.0079834550783553 3.450188860855312
58 696 0 0 0 -0.2765274169299599 25.047926668783447 0.8147281752108966 -7.6397665245329005 -5.820628566538739 -12.059134149532822 3.0568650778737503 5.885960345289414 -12.10232989352675 -3.3737514011416 10.022521937055146 -1.9319473944627645 4.386602263444892 -0.8040465938801526 2.8219534756067968
59 708 0 0 0 -0.20612727672569378 24.998394775203217 1.4599033933049315 -7.763128345860597 -6.0503553731406825 -11.254286075834713 2.25694774692377 5.783460719429996 -12.324514051484533 -4.007207163880567 10.191281368253524 -2.0559048854609605 4.624844650541553 -0.23608680381034186 2.9129480725584367
60 720 0 0 0 -0.33344286946804763 25.078372279660776 1.0398369052373835 -7.08881590133062 -5.699172396823158 -10.419607566346214 1.8224502558206876 5.528758041171721 -11.294246650277636 -4.293391455708864 9.677079508196261 -2.0142793455046135 4.517452820247278 -0.7479222152200059 2.9573978356436186
61 732 0 0 0 -0.49874241071107794 26.019428378964356 0.7222707069144287 -7.823233594995852 -5.303728684741191 -10.684736440975673 2.1963815759319596 5.576279260317358 -11.520826137536076 -4.977149048999848 10.05840674669497 -1.9441810769070351 5.107125143000999 -0.21061487012116753 2.0849438402755744
62 744 0 0 0 -0.5129619078610159 26.930775940436963 0.34763346094268377 -8.537823817023298 -4.456989142246557 -11.14455575392593 1.905684864798223 5.794229836433418 -11.838693807344757 -4.7988364122098845 9.275597914518004 -2.4239971845580275 5.358089378558058 -0.15151116494256822 2.6277893962970316
63 756 0 0 0 -0.5681630124243582 27.301198771508734 -0.19168406469621047 -9.002757051264277 -4.845014737208766 -11.189479424568592 1.772600807367554 6.32100168629049 -11.670777912594525 -4.519795122048991 9.748280651540197 -3.0603359226790245 5.4823396937368125 -0.24965206328222547 2.9125728685635632
64 768 0 0 0 -0.6293017370881033 28.562341895904094 -0.7704636197764161 -8.852671029577802 -5.208019040503569 -10.91033242895153 1.4514446203672555 6.426471169075942 -11.290488828282674 -5.440283684392013 10.75093529152587 -3.986612487598841 5.521553125002369 -0.5513725365341087 3.7254729583969093
65 780 0 0 0 -0.6954734211097637 28.888050170684554 -0.6072507501319289 -9.050426556418367 -5.628972006801729 -12.006546797602434 1.7105957379293413 7.3844184498507115 -11.449070341924225 -6.010280184908701 11.882026514442533 -3.5090759772764826 4.8377055174355545 -0.5455975873344862 3.5881631357174957
66 792 0 0 0 -0.5657819461283579 29.54726345676805 0.334742960256321 -9.423011096701705 -6.124824896647227 -12.795604131518731 1.2149006541354728 7.925366232016852 -11.37287571454306 -6.341768801420399 12.823334240826036 -3.640314669541591 4.784921930898279 -1.1024082917434277 3.9216216827560664
67 804 0 0 0 -0.43066729065594644 30.110451464328822 0.6241843975443879 -9.133515167457855 -6.6053243749057 -12.532336035390747 2.3234963477139923 7.6512472253326935 -11.846414693883649 -6.648074381253865 12.138605805021307 -2.8238633340349595 4.288018622705484 -1.2020513274182294 4.130933941304643
68 816 0 0 0 -0.22224426917316023 29.9507972364702 -0.04960675001799342 -9.131905958688352 -6.004178228019384 -12.92282024948045 1.7498506457806573 7.074379799501059 -11.720531743120315 -6.714273434646954 12.149604423615946 -1.585272618033751 4.542476526651015 -1.3501808008669403 3.9236055896667916
69 828 0 0 0 0.04790431420956656 29.025165663580818 0.22163524098959875 -9.129624794080838 -7.133445042008235 -12.36939147357015 2.2408124775281166 8.142877504781188 -12.068845931586392 -6.093215179481775 12.300166132472066 -1.8507118481895077 4.448925520576987 -2.3923775683090107 4.323122905449608
70 840 0 0 0 -0.3915671742365212 29.43140117173987 0.22055634909325902 -9.059221887490374 -7.533691270826358 -12.811259314286191 1.5752713944267769 7.740592271854914 -12.149603040624847 -6.117995270585458 12.364170647160162 -1.2837579722483876 4.747572764662371 -2.578558776738685 5.128601007243402
71 852 0 0 0 -0.3587254829338532 29.641606380257944 0.8907992176042512 -8.75085146752378 -7.611146028687339 -12.405386124158488 1.3119882443815463 7.585159136263711 -12.23664601095158 -6.550307018989277 12.580679635948217 -1.1276913894237788 4.64118417593497 -2.75262977915989 4.755069769314887
72 864 0 0 0 -0.09342996298856199 30.065770834978906 0.8334202669459649 -8.268437331470485 -7.573081974961209 -11.921947937562077 1.1932912787094472 7.449912938627691 -12.452911225184499 -6.350143414338421 12.147464386049615 -1.370545888833446 4.997427934912961 -2.932077220379289 4.387329645354549
73 876 0 0 0 -0.41436393762065554 30.441429096211014 0.9978945477746748 -8.548340660977106 -8.065844682781284 -12.707710331460966 0.6769312178024681 7.7520116833107595 -11.953394536453366 -7.190256806086875 12.41339926560858 -0.25210192575641055 4.672912205846609 -2.891494360155802 4.947049374954419
74 888 0 0 0 -0.13191216059547556 30.906482103283704 1.2682909721215023 -8.553710725425027 -8.263459186846712 -12.589188186852612 0.4224054088537298 8.362969831195063 -12.03605703677971 -7.223453282401995 11.995651350141138 -0.1249897035128803 4.478403740708026 -3.4048821102831788 5.082937787239757
75 900 0 0 0 -0.5027522921045829 30.04919444014803 1.451863086382512 -9.426970150614757 -7.988673814039757 -12.69800696279594 0.6160109772635922 8.954287257932684 -11.65602718951237 -6.834674211195183 12.68266555872364 -0.2259894346156223 3.5253295538077065 -2.8300283127785346 4.678449007735648
76 912 0 0 0 -0.3613271028814819 29.65678075720495 1.4693684328267178 -9.082436677814197 -7.904656478839799 -12.473503673723119 0.438088785711996 8.94863052871259 -11.959034693589984 -7.158847304132223 12.30719624014683 0.42280836764590457 3.7934370999109848 -2.7723728623473254 4.520110935774638
77 924 0 0 0 -0.4582416985661045 30.761472841208697 1.3426060692522552 -9.795344111566457 -8.216726629736852 -13.286484855244591 0.6631384126446488 9.437018706076056 -11.87017810853904 -7.514658407864479 12.548915215659587 0.5422995206682456 3.9895012911296637 -2.8864588712078034 4.620168539015438
78 936 0 0 0 -0.33912911250029476 31.006185534450776 1.5792754658713022 -10.04075046935068 -7.728934926625578 -13.10882533989623 0.3266489103348537 9.363262484905958 -11.646605825964732 -8.022228009075507 12.003188927524695 0.5772205403856175 4.201502164830194 -2.5333110073369722 4.499777426625814
79 948 0 0 0 -0.32824126051229235 30.86959785045872 0.9729631949671669 -10.26304849515497 -7.318389116990884 -13.201597974790566 1.0050162160519716 9.349081548317761 -12.10852795201009 -7.692582813407445 12.003167326006954 0.20208769589260922 4.035329618714697 -2.041578476435957 4.4689405752857825
80 960 0 0 0 -0.20814398250531596 31.268715577016646 1.2130238812687064 -10.847749001402978 -7.094250927691441 -13.4619051170206 0.9577420916368701 9.949944088203347 -12.122562168431397 -7.466285602130025 11.965062948937923 -0.07919915903316899 4.135989962246537 -1.9179681623995783 3.9170432750416246
81 972 0 0 0 -0.4758395317484778 32.199334923717494 0.9849875402518982 -11.022286010088703 -7.251385186166389 -13.779077435789862 1.5687902744755706 9.775557710599786 -12.558823287771661 -7.6452990741832725 12.367844238845915 -0.18473328845664802 4.155514458061333 -2.141159061344179 4.134807635400763
82 984 0 0 0 -0.5544073211707667 31.963546968346673 0.3392788354775289 -11.173295918929332 -7.493507805358393 -13.409308683023198 2.0984806132102802 9.784076627157368 -13.145389137446537 -7.117661075632857 12.651661099348514 -0.19039790660773406 4.427058709673099 -2.3316916793192632 3.948011300009204
83 996 0 0 0 -0.5025910136253187 32.67545953877611 0.03468290064060198 -11.112265540708542 -7.636398595163677 -13.474486830325239 1.762588625876594 9.716289934925147 -12.664327627717158 -7.874698580068363 12.972668546324615 0.08230915838679934 4.4401836912214145 -2.197874031802153 4.013284071710447
84 1008 0 0 0 -0.7662045843278237 33.72504372839568 -0.10581044718739765 -11.56214646653201 -7.887792678878837 -13.78621026646509 2.0795909302395463 9.798339875905613 -12.709855468673998 -7.492224733278196 12.673344916182968 -0.5029802379626569 4.918313682182868 -2.34179390017301 4.085848053295394
85 1020 0 0 0 -0.8250700143384575 31.818048216640957 0.7208531640629441 -11.475750576250054 -7.32706905509965 -13.689669288465733 1.4710447818747328 9.580471001981543 -12.00449431552449 -7.094842642657255 12.80217272820916 -0.20101802478224778 4.5691487253507 -2.3571944789352877 3.399769170758742
86 1032 0 0 0 -0.9336984075823678 31.284352587405063 0.6298842924998942 -11.400130201894308 -7.326438726182085 -13.470760965926523 1.3448987380484079 9.892495285251588 -11.847162884681943 -7.691909353825472 13.394633982249426 0.7583561681665449 3.8120022611369624 -2.3243722828614124 3.155594944309028
87 1044 0 0 0 -1.0755492232654242 31.96428264912978 0.754479703155933 -11.791324454496618 -7.652391288102929 -13.593389834810036 1.8219091664157898 9.397602555377215 -11.639918751702652 -7.330593490534066 13.545702609049467 0.7362249232911576 3.9958293632314397 -2.7033376443447303 3.0202916217837235
88 1056 0 0 0 -1.0326420401786591 33.09806368596129 0.4959391824235215 -12.220397662970424 -8.206114077539093 -13.707089819421833 2.449032800710329 9.622257439194648 -12.214440931885164 -7.584874500711981 13.939802231698765 0.2110820944082974 4.2982009271884385 -2.7778274108029213 3.51569507099641
89 1068 0 0 0 -0.8224504464199922 32.94941628874835 0.6003073422316736 -12.660069342957783 -7.324426437358232 -13.80514698642544 2.7016298766005225 8.902310652672464 -11.792593689067042 -7.099235202500436 13.887029406991372 -0.20624955329602312 4.1188114639309505 -3.0593642637207292 3.5548136873338274
90 1080 0 0 0 -0.6192806903297852 32.897050381207116 0.43556644528962435 -12.91553205600515 -7.333579585349481 -14.241677138226287 3.183570689487617 8.931799472057119 -11.819290159605718 -6.625176532299729 13.496784164914649 -0.22286363818197674 4.301520826001794 -2.895223764075616 3.392562622410198
91 1092 0 0 0 -0.682447105265661 32.62744201545094 0.21569618768458576 -12.862569365623521 -7.028998663331943 -14.309631614106335 3.157353813691323 9.117562058268577 -11.500131529856901 -6.765115870825147 12.955595650827856 -0.18490137741758117 4.312372100932458 -2.7811193430767562 3.4043339382765327
92 1104 0 0 0 -0.6784983247090298 32.402126013435385 0.30818801079888564 -12.87878155498949 -6.707275673207614 -14.473582088044266 3.340348660056808 9.06220275464512 -11.391717386893985 -6.109778106868337 13.141087308719749 -0.47819747469016527 4.4906681620513975 -3.100232858262566 2.8576312902701755
93 1116 0 0 0 -0.5137954226223529 32.31836093928674 -0.2202388630012227 -12.976928689845787 -6.599082217657853 -14.60556385272864 4.077710058695022 9.207835122767172 -11.152620740430804 -5.75957094614385 12.892101723606736 -1.0697888072295032 4.766800385056597 -3.203301570213652 2.6253957938280017
94 1128 0 0 0 -0.5721529503108573 31.906719937121135 -0.6510661368777256 -13.091331915172574 -6.018856325988874 -14.665022814117682 4.098310804275834 9.7845967579046 -11.221303257676501 -5.698432349643455 12.86609764500233 -1.6439098958443576 4.781751188283694 -2.895351461240246 2.652271020451937
95 1140 0 0 0 -0.6317902124162632 32.22983360660336 -0.10669031793906147 -13.46827219753421 -5.80091323295971 -15.013347914867586 3.770222494327577 9.528221827943385 -10.60648010407157 -5.929997970953129 13.186694394859254 -1.0663186371975277 4.692342091881568 -3.450034220618356 2.4921634477697094
96 1152 0 0 0 -0.5640277891680756 32.636479176477536 -0.16176948935273716 -13.528601505025339 -6.056264276925891 -15.04512704272963 3.215927563132267 10.155130017950729 -10.755605092459746 -6.315406045078236 14.210200145699522 -1.0734265182417693 4.2232015825117974 -3.617130597291988 2.557536963815647
97 1164 0 0 0 -0.8076113417271386 31.905712347818838 0.01997991639624469 -13.543936832149406 -6.660995956525136 -14.750736284638972 3.472383027238622 10.272629880881322 -10.597861422256807 -5.677257862407568 14.336554277619028 -0.9833890608570399 4.036276685440392 -3.583180638062754 1.9454517427770506
98 1176 0 0 0 -0.8491595722994084 31.45503959177401 -0.03707208742594811 -13.685824138656915 -6.89174648059228 -14.872733843817992 3.2825279977436184 11.076021110067977 -10.085863566632668 -5.384682912836252 14.5507980337266 -1.1009573987557544 3.3933478288869114 -3.2288926260106785 1.454309689239292
99 1188 0 0 0 -0.9106356653234282 31.261589964735432 0.43291068052268455 -14.450526805692528 -6.637460654135944 -15.179282385945527 3.380173562712177 11.377410580491325 -10.370441564810948 -5.047850919331621 15.22111031293082 -1.1600473185936868 3.1846313200600482 -3.147050672962625 0.8677925534222056
100 1200 0 0 0 -0.769349575338133 31.085094405690942 -0.4747064895705688 -14.668585464781742 -6.686652175590687 -15.333081667551195 3.73884537965034 12.114404822597384 -9.911870831365773 -5.519727039067452 15.263055161072769 -0.617019454511818 3.262296998430119 -3.119585656596599 0.2981183354558502
101 1212 0 0 0 -0.8831454316302007 31.650391829954078 -0.3880112497519845 -14.985414921251506 -6.847909173852474 -14.739734442499818 3.6098191163778464 11.851549176177345 -10.034768345882387 -5.225200156158477 15.98455398631462 -0.7991922071099878 2.7888973986716543 -4.0533052149248725 1.036455719339524
102 1224 0 0 0 -0.9558521830140345 31.741567591318443 0.09663412873860294 -14.912163364840495 -7.802747110769242 -14.305407960369088 2.8488592709424987 12.804869066373474 -9.564973891316043 -5.09332998365673 16.298269971680906 -1.0418624541125188 2.5008561974562955 -4.8127886840273755 1.2913689311417391
103 1236 0 0 0 -0.8979735130341381 29.849716483077867 -0.13315140998020467 -14.310880413754113 -7.081454703697219 -13.334945246049202 2.6831763637424983 12.797945075073706 -9.12174923504503 -4.249441692835027 15.668539047350038 -1.4263475750915862 2.41257555689006 -4.619805418300722 0.25705731515713115
104 1248 0 0 0 -0.8731328395756739 30.805390505769065 -1.088002926309525 -14.703530411950007 -6.239668850019099 -13.933237689492353 2.4460756137358226 13.093175747813387 -9.196157708265199 -3.9114200891156887 15.141272303690112 -2.254405790464154 3.2197014504231483 -4.61381943428982 0.6705496448698378
105 1260 0 0 0 -0.8860425043594742 28.92749941192912 -0.6968163115428831 -14.76767996062408 -6.2107150663298665 -13.796306244790385 2.196993302403854 13.344452547806391 -8.52960111611616 -2.6168049214860574 15.317772788092967 -2.709896666311736 2.5792205018421868 -4.980719338569939 0.4853578199986762
106 1272 0 0 0 -0.9936394734655588 29.016564732474833 -1.1831393514384354 -14.82178100728317 -6.657023901905193 -13.400119625356245 1.6106718200877097 14.228903638441018 -8.39887266881087 -2.37603900598152 16.193196286212306 -2.9624946989087206 2.3953384801099085 -4.850953205199884 -0.27373399768559825
107 1284 0 0 0 -0.8418591104924299 29.921892284199195 -0.941956589142445 -14.685759753460834 -7.384913685423595 -13.77233325127551 1.9519010584423777 13.769312248558283 -8.667292074581708 -2.0736683484302008 16.632512583197638 -2.946131856938471 3.2368902425726414 -5.34280338513022 -0.7464570061781631
108 1296 0 0 0 -0.9297437014052229 29.58330227160063 -0.7319974490017557 -14.284970040235434 -7.958133958612413 -13.84531604551136 2.71080281650819 12.959162891697547 -9.032034531711503 -2.051929792224262 17.032342937332658 -2.645117433672139 3.0393697188773325 -5.630126605420027 -0.45003650857377087
109 1308 0 0 0 -0.7584088068401516 30.080835554596874 -1.4137250029111013 -14.594881632793907 -7.989991449401044 -13.638669388489092 2.868911132010474 13.586664490665527 -9.910633435744005 -2.2979073829019194 17.79562671904174 -3.773856693055715 3.4568241427614623 -4.953388887684663 -0.37421377999927247
110 1320 0 0 0 -0.5381940761997557 29.611131751358226 -1.6602758918983698 -14.001015652253887 -7.616425671422018 -13.649138596913074 1.5908894922051564 13.935175964772029 -8.89800282252169 -1.8924933987302068 17.782233178780444 -3.061193391789324 3.0700884769410646 -5.414710530504877 -1.0674810837042275
111 1332 0 0 0 -0.6514247618575999 28.558443601133984 -1.9307549329165508 -13.991852418394007 -7.234855464455911 -12.841546312857034 1.4836535342352952 14.738694185045395 -9.071848084878852 -1.563460802442016 17.817700526179348 -3.7307004012254383 3.516355563567445 -6.121149930797231 -1.3745371179113126
112 1344 0 0 0 -0.5837257626710214 28.95889516741451 -2.5842852670766305 -14.013268916005643 -6.9808590304751466 -12.667035515090706 2.736067968410462 14.308588376575694 -9.753631769998188 -1.1787619478811653 18.124588578884186 -4.31042919386219 3.513066946644847 -6.214000799529475 -1.7037217511450742
113 1356 0 0 0 -0.7960811976599472 28.041914553461247 -3.1627694501556527 -14.420981792075104 -6.408205900306732 -13.100170900634636 4.029775046293511 14.636749323455017 -9.167160961161983 -0.3612882318927575 17.666502412774012 -4.736334060672715 3.177306629493985 -5.875769341547766 -2.392497970319678
114 1368 0 0 0 -0.9042262047107429 28.168251370174097 -4.379040634615694 -15.058014016741629 -5.354916572174643 -13.462567709544732 5.246691020214884 14.699964186956027 -8.756398633836952 0.7430682702580154 16.183404303047833 -5.036397485431166 3.827482331168546 -6.608969187458643 -2.3623529084588712
115 1380 0 0 0 -1.0021409440587439 29.158787195149213 -4.406874281980254 -15.41593901829581 -5.805092159297557 -13.75845066271944 5.068695890392243 13.801619972627385 -7.985735087565137 1.0902608353178729 16.113730385644953 -4.986219797823968 4.56503830375325 -7.409631403520553 -2.01122322150438
116 1392 0 0 0 -0.8460624616874274 28.09671863247735 -4.252301325738128 -14.909559568264061 -5.865689455296301 -13.51742804214519 5.240334019510079 13.173601757166592 -7.34649869935831 0.6343770054150704 16.135616350814065 -4.637860470519421 4.4469687194480185 -7.213782383114386 -2.2730008516420983
117 1404 0 0 0 -1.0567780533446312 28.287544540130455 -3.992214343948588 -15.042563187581353 -6.874534182150719 -12.991193618454906 6.135894685717257 12.29118166304264 -7.573538248593361 1.2613543321128697 15.526230426741279 -4.192500104768708 4.68582709799287 -7.114548709165107 -2.6185144644642224
118 1416 0 0 0 -1.2169724215532889 29.865116007139026 -4.90236494137101 -15.634948271998615 -6.378948423770654 -13.753302138454218 6.1415664084390515 12.846344998940701 -8.136401417356476 0.948245580565383 16.080484661196138 -4.35909734878303 5.064748314943705 -7.249144669274733 -2.4342106726503068
119 1428 0 0 0 -1.1782318318286682 30.54367052977303 -4.788026730958073 -16.38744681147229 -6.084405487252156 -13.240286604717149 6.756309114714111 12.98883492043351 -9.435027527184996 1.0981696227263942 16.687202330977964 -5.149735802362406 4.647623245619439 -6.68889148256266 -2.464567241305827
120 1440 0 0 0 -1.2841891496105988 31.650586948943044 -5.4922139675787305 -17.23774576603963 -5.208086785942 -13.86690994208496 7.882911065550603 12.134426598512224 -9.497590209209442 1.7145276755983967 15.908970098507329 -4.995693893267167 5.489314436000531 -7.042631683447382 -2.798744849404375
121 1452 0 0 0 -1.129243761435582 32.25891040545912 -5.317814217697701 -16.76414766968037 -5.917885510306588 -14.38718358274846 8.141760509925932 12.235192245595277 -9.512589210448587 2.1434701150342486 14.400830940755226 -4.520519063237911 6.2336646692042565 -7.53180639768571 -2.501240584920989
122 1464 0 0 0 -1.1479359554901354 31.46474686188466 -6.1018723122766465 -16.213234247924234 -6.317434943053718 -12.936407432587366 7.48926272046146 12.446200116320119 -9.00672052649553 2.363512950649205 13.68733073004793 -4.96570549944635 6.8509438413213415 -6.824290207341621 -3.4319780386391017
123 1476 0 0 0 -1.1713675439229478 31.851638041939886 -6.695212192856706 -15.854497384877881 -6.026592486350979 -13.354558567944947 8.136254256137137 11.975500137704389 -8.11165163306838 1.9070541885494325 13.675186279344382 -4.900452098427793 7.065045877498577 -7.683613867596428 -3.251044534569394
124 1488 0 0 0 -1.3639734810993167 32.525673733945816 -6.792328171368784 -16.368697909462803 -6.914566831183586 -14.598037427322806 9.404402501129537 12.26755694156722 -8.497202369757721 1.7235173074673302 13.980650007812324 -4.6462345020442894 7.487161631476615 -7.61604195470703 -3.123563898368891
125 1500 0 0 0 -1.28262230513367 32.86864695501967 -5.875277609765846 -16.34311167489141 -6.153869359156103 -16.55821698323167 10.16149091630593 12.70932650198723 -8.613564247974338 1.248752570615083 13.848333141701632 -4.30087579710406 7.59266987520269 -9.085885739924219 -2.329113884983217
126 1512 0 0 0 -1.1609060624154997 34.48747205448784 -5.600428092715896 -16.909659203630095 -7.584587209089054 -15.662500435738993 9.53205895011576 12.016553559979696 -9.266544964992377 0.6951113679930724 15.338858594535813 -4.220906653249896 7.598462594235421 -8.510038526417178 -2.2682108481048355
127 1524 0 0 0 -1.2861104430023238 33.12465783853602 -6.299360117499045 -16.579989618309295 -7.6373671713217535 -15.022507162932365 9.84958787475466 12.751614217310825 -8.537276192534984 0.3677157500801173 14.15455103984253 -4.612805490394349 7.702853566339414 -7.49220066034951 -2.789061686975358
128 1536 0 0 0 -1.108972096878986 32.987480205528186 -6.880445620036501 -16.60442168814541 -7.568826038235088 -14.909405567413566 10.589306257383253 13.074527631634973 -8.670369515967835 2.345246790754854 14.476632982580334 -6.73314788221118 7.6523409067298145 -7.742530787670862 -3.0834684739782547
129 1548 0 0 0 -1.1145307128704416 32.41713494778102 -7.087267638464763 -16.466271727871852 -6.53177146935716 -15.229974873262272 11.673126638356623 11.358776226733506 -8.615592440241322 2.688818083451141 14.15199309713987 -7.1807072299023 7.438254224216404 -7.0563678322840415 -2.8787702902623327
130 1560 0 0 0 -1.198715120447031 31.01973774008297 -6.9208674592422765 -16.13352259057222 -5.125238815467941 -15.710047733439296 11.361288578857849 11.82171857848298 -8.430363045459881 3.1753091258293398 13.004184969188287 -7.448949578214953 6.982361493473077 -6.633497485612517 -2.74947734806357
131 1572 0 0 0 -1.1545736809131675 30.08019075309525 -5.760244129455299 -15.648598489292267 -6.278840838120658 -14.667405471177922 9.44279527761827 12.644225327623484 -8.158977183570906 3.676597814480735 12.382894027812378 -6.203665686091023 6.184628162873143 -6.52701936861032 -2.921356087370258
132 1584 0 0 0 -1.0911668321231462 31.391635653544036 -5.346886958278146 -15.833313998776989 -7.3674112713110995 -14.11567012531436 8.303385225520483 12.369453189598024 -8.305214995937149 3.3911852010647805 13.155656271095534 -5.945575212231612 5.7054209193753165 -7.484784422372644 -1.3680156862976762
133 1596 0 0 0 -0.9994438472552084 31.468534837207255 -5.720512971972746 -14.807255908251669 -8.141761401591753 -13.55067741320159 8.339607555322528 13.0051823338676 -8.648021811186842 2.4712122315899103 13.382999201257864 -6.316518519897078 5.013207930708672 -7.019995415098144 -0.6997871058840224
134 1608 0 0 0 -1.0737523270976794 31.707595867620405 -5.584504150441811 -15.58877959031029 -8.027616992105298 -13.718396498388753 8.348351595807683 13.76093685844521 -8.409878267022824 1.9346403594136778 12.553349469280006 -6.537605976115957 5.128020136058562 -6.052956391226166 -0.7096754855515319
135 1620 0 0 0 -1.1166676072989625 30.896128263992807 -5.012650609355043 -15.776465187530706 -7.902490151239169 -12.381164030465337 6.462404771065382 14.198610329307824 -7.101938087788307 1.2695638257847417 12.41379697173514 -5.567172232970192 4.12503179145161 -6.456343108748771 -0.5559342640502773
136 1632 0 0 0 -1.1349845025849932 31.588959416257815 -5.2417510736651085 -16.661615253989506 -8.277739948195284 -12.594512506022951 5.966761443039095 14.764258942151432 -6.9094052068583185 2.0528837794374035 13.970294256572064 -5.412148027133116 3.820925958061801 -7.155408161051441 -1.3424144587497058
137 1644 0 0 0 -1.085927728032481 30.812285855014466 -4.323189545435072 -15.892535504452516 -9.272701484979203 -12.522008264539506 4.750724625924612 15.028593770142676 -6.848205411528257 1.806874577803119 15.559045590853868 -5.108363190804878 3.3497695569111245 -7.599476690752602 -1.4350546978199836
138 1656 0 0 0 -1.2890557489145453 31.414999415973515 -4.407864334551745 -16.503914929232334 -9.270541005827338 -13.122339382091228 5.681746101409195 15.052325509058955 -7.546514260237774 1.6378785478475435 16.21489487954379 -5.119766012299922 3.4416395652181473 -7.090370995320239 -1.840959143575937
139 1668 0 0 0 -1.085308817699074 31.549003565972342 -4.292669374987568 -16.208900769871605 -9.298640067071112 -12.980939489435338 4.998537652374946 16.161960732646595 -8.688415436298364 0.8510531640919323 16.298297876224474 -4.306887799730626 2.6780785805484313 -6.450664113026608 -1.6542784304207254
140 1680 0 0 0 -1.133512831571093 31.49676606434204 -3.7654487930032214 -15.875336946744321 -9.494611376653445 -13.549921354312815 4.542269497065454 15.883347125507624 -8.186387875802481 0.5511606987919486 16.955793720010156 -4.299791114133862 2.4802955297152747 -6.398228609782095 -1.5562562835595728
141 1692 0 0 0 -1.06792655942063 31.2357733241301 -3.3473090607165714 -15.681115213653033 -9.775136666785242 -13.310214170222448 4.001786935874513 16.419291781046724 -7.7549780514691244 0.012073418000981495 16.56872726001976 -3.233444874270671 2.146026114496138 -7.05075116268546 -1.4511778754199829
142 1704 0 0 0 -1.0623197643731834 32.056031265528276 -4.050418664754172 -16.163736080912415 -9.63607457650949 -14.540727779618571 5.58374880364726 16.294320949312525 -7.779905774737664 0.21563592980868376 16.251846788584213 -3.1039857910092246 2.6148609627285615 -7.377171394763797 -1.5831906933863196
143 1716 0 0 0 -1.0873383118810653 31.72188926578951 -4.091809499928435 -16.20965805822764 -9.493070074097394 -14.514992014178345 6.275785002686463 16.525535536211134 -7.470935502256834 0.5028185062105681 15.686222165715225 -3.838088095316697 2.4124339647375037 -6.934791325413459 -1.8485183004208086
144 1728 0 0 0 -1.176676168036199 31.092412693448335 -3.6831473009405253 -15.664879540732056 -9.638071556797163 -14.809556511858155 5.922964431274282 17.092597011870748 -7.730074172207792 0.5700319529151072 15.227929367084444 -3.582420776829596 2.413052692434736 -6.650923002038902 -1.8954390588239558
145 1740 0 0 0 -1.1651957769885464 29.953930185479024 -3.4709408337168184 -15.94166667646354 -9.36650400366788 -13.977861742905603 6.189676755326783 16.802946998268432 -7.690244401125639 0.5824749444583032 14.955213209697359 -3.3731740607079197 2.070266609680419 -6.488672987876414 -2.0047220224877256
146 1752 0 0 0 -1.0652445639778318 30.840246350860255 -3.931519324611887 -15.94113459832638 -9.914150923795386 -13.932135466523027 5.880667905338245 17.056882029854275 -7.586237392931607 1.4896558398361368 14.349342588379304 -3.410310568320597 2.995893087972781 -7.268246082569609 -2.0882870178538946
147 1764 0 0 0 -1.183194546074849 31.750264041099655 -3.808638387253267 -16.694331957438106 -10.271978269112475 -13.949379677460408 5.725117171169594 17.246498888130457 -7.748998384278025 0.9985760229113444 14.99052197737789 -3.5468119133948997 3.2931595419920936 -6.947180283467297 -2.329679552711651
148 1776 0 0 0 -1.0816888312891932 31.229715065759734 -3.295828618410693 -16.835736327633565 -10.236592389425171 -13.324366122958638 5.722964396625093 17.216098114449313 -7.814876726521027 0.8559811660062693 15.10383344403046 -3.567979219587233 2.9459458236354115 -6.874266607082524 -2.460933136717629
149 1788 0 0 0 -1.1412350877122472 30.915500636375548 -3.3390084048003823 -16.93479662120842 -9.969675735232684 -13.80019780157146 5.7485897648919 17.338104341357898 -7.120820114260749 0.23645963154942584 15.224021899102194 -3.1397455047893144 2.636369677358527 -6.724437016501979 -2.5757085101896644
150 1800 0 0 0 -1.0973668558971166 31.25199575669442 -3.6063012065319087 -17.971494069221006 -9.709459313552125 -13.640386981863301 5.952739504707693 17.117636114679428 -6.5813204848735065 0.4031684873403902 14.935027294424655 -2.888066192082851 2.991105418224889 -6.507563871415114 -3.3405725582476227
151 1812 0 0 0 -1.1340631139068444 32.17757461618997 -3.7688625194381165 -18.272651717711383 -9.668939838224556 -13.86882709943129 5.482607503661482 17.733531509741077 -6.488573533776935 -0.1932295424737442 15.589714740663329 -3.0426729332242446 2.854262589022779 -6.744925384398891 -3.151082338796005
152 1824 0 0 0 -1.1920583689436175 32.59404724075124 -3.389232686097253 -18.912438118558548 -9.915991994396006 -13.593940150331072 4.920303879700517 18.666452826254083 -7.035249294143904 -0.07747519309415067 16.138486619697687 -3.2612992727071997 2.613179878920608 -6.736082866521019 -3.1428056809129465
153 1836 0 0 0 -1.1923401806872511 32.646489291218174 -2.9905455009354993 -18.588641081718905 -9.977489598969898 -13.823999450888179 4.5149398846930815 18.445904460730656 -6.980270836415254 -0.8489430862137434 16.60289340265505 -3.058441586806693 2.5491802612262497 -6.466785342763208 -3.0434260007337595
154 1848 0 0 0 -1.03918505375144 33.08568969885674 -2.388066989295477 -18.943100432554516 -9.971045619462092 -14.015812321618096 4.054869964304914 18.370097832632098 -6.783531434922283 -1.467893236332962 16.35077741190223 -2.472021953091371 2.679778109372737 -5.9225441809331825 -3.28989900036209
155 1860 0 0 0 -1.1250503905619091 32.14032574329614 -2.43253302314125 -18.610386080587297 -9.996190263164058 -13.950613128237919 4.362260594053866 18.627651215619526 -6.730701784224136 -1.3639468859626058 16.94575993383433 -3.0457590939089063 2.895212954995823 -6.337737724634306 -3.5492566340210754
156 1872 0 0 0 -1.1698323998797384 33.57367179224872 -2.737063704580073 -19.232315299993427 -10.446746098200396 -14.13410436926595 4.682778554237704 18.508928095708736 -6.978771894154515 -1.1516625005268324 17.491580650842856 -3.287789486621785 3.0069709722136744 -7.24864157479217 -2.7767866120044515
157 1884 0 0 0 -1.1666755589105582 33.49073877327983 -2.9944866311073066 -19.099464795813727 -10.065603499858993 -14.285815954150939 4.667742559781742 18.515389940469795 -7.15566714364005 -0.7335461429663127 17.851064884753008 -3.4698961186297526 2.5685362713080906 -7.810057546866417 -2.2252025455183597
158 1896 0 0 0 -1.2678867399477716 32.47971262637001 -3.14110590458296 -19.486239421317702 -9.830245599864185 -13.570778674085524 4.847642155485753 18.470885710264007 -6.461769957637571 0.1517445314370195 16.50014868551424 -3.183294012933517 2.7759321856723953 -7.755627878191294 -3.0126050639630386
159 1908 0 0 0 -1.1586622877829844 32.786829587021614 -2.6126825034052237 -19.33077695911619 -10.052212427782463 -13.485198053086124 4.00175742332221 18.174200446603496 -6.552639510237939 -0.31577711854118184 16.516237857635975 -2.489459511548078 2.9155708446925526 -7.9614521340869695 -2.620053431779204
160 1920 0 0 0 -1.1826670564981416 31.744944505409542 -2.2182286338016186 -19.693838554645637 -9.643402981002742 -13.44037696624645 3.45900465547784 18.742970419475096 -5.921276822884448 -0.1376472084645638 16.517627128810627 -2.3842851074645477 2.5547866062527413 -7.990173906798862 -2.931615565659477
161 1932 0 0 0 -1.227674736566421 32.04389139328361 -2.3056393416399206 -20.24346268692797 -9.41771441377836 -13.329002525861672 3.6098684220095576 18.573971041827622 -5.751120361961991 -0.15512165668972833 16.831349264189107 -2.6009096344048257 2.213432935460505 -8.210266964492174 -2.5556773677611333
162 1944 0 0 0 -1.2498903224162201 33.16694935181349 -1.693606338382652 -20.857749142330853 -10.177389971655108 -13.227111448448728 3.2803629774180476 18.810649107588578 -6.304874454106373 -0.7026059623166341 17.85709155645221 -2.057088574570189 1.7485240447937243 -8.219523905627861 -2.422370547523641
163 1956 0 0 0 -1.22523540192593 32.84762226632655 -1.608483505104506 -20.614501206392283 -10.33958175318518 -12.975861014374514 3.4037850343123845 18.645673217354815 -6.345494920880697 -0.5994172891904558 17.89182512418572 -2.232671518451896 1.843701091311179 -8.083447110370013 -2.696720128157406
164 1968 0 0 0 -1.1123887766835483 32.12661215262047 -1.189422916251776 -20.124320890676174 -10.63851276721611 -12.329241251466573 2.2731634936899057 18.94944426810254 -6.190668540846045 -0.5655968925905649 17.84955120315879 -1.8353594641937436 1.2857553212245685 -8.171466478366195 -2.4578570588281416
165 1980 0 0 0 -1.15715298285815 31.882414735479383 -0.8932596548697195 -20.611524986340232 -10.732209960227689 -12.055181388058468 2.2357912824768653 19.342221782256175 -6.180285559439148 -0.3143940742451643 18.342853581872472 -1.704205632390577 0.5885730888587872 -8.257476338689218 -2.7323040961040808
166 1992 0 0 0 -1.1277998763100936 31.177966029557332 -0.4986947060209355 -20.786107082870817 -10.5753911681877 -11.670283782257943 2.0806658194407195 19.10471231245648 -5.867352564742856 -0.2834737163500071 18.146194498887738 -1.308694611046714 0.28883555687382306 -7.965306685170956 -3.1319938024700256
167 2004 0 0 0 -1.1010974955857968 31.613094020534795 -0.2319679375791881 -20.27887763069123 -11.425669954968816 -11.69521121472986 0.9284826499544752 19.51907904975427 -5.981582788203485 -0.5323151949795589 19.129292628371484 -0.5719943819534018 -0.35713900178335817 -8.754311693190767 -2.422360133433281
168 2016 0 0 0 -1.1093711763203284 31.47760248396546 0.053219356005585916 -20.364959816856786 -11.551572954766193 -12.486348279962156 1.0296663349006312 19.998588434067976 -5.7684707825644885 -0.4306883425958926 19.57348592078816 -0.21090557382959807 -0.44234097411462714 -9.364240066412465 -2.6344045986378504
169 2028 0 0 0 -1.0829443527620286 31.664158932258957 -0.06581335132072814 -20.670086224089054 -11.687266889213763 -11.902463448344761 1.1033312926110412 19.95361023158529 -5.822194619851066 -0.6997965529655499 19.679957019201105 -0.09948700132082669 -0.24048031133080044 -9.573705144692818 -2.7475920705734964
170 2040 0 0 0 -1.1923405930308344 32.30867786420428 0.02515783623845967 -21.171946614558525 -11.830884522320973 -12.230891177585734 0.8610813397211845 20.125009561232797 -5.576699316212745 -0.49813073879520764 19.987689672645914 -0.3354420928400563 -0.007385975839716757 -9.85082356986152 -2.7067871731563615
171 2052 0 0 0 -1.1535338675270903 32.476881818923324 0.18501261892136578 -21.309320577040946 -12.17009876606351 -12.215086516076953 0.8665002731666358 20.320924377105253 -5.885422969119701 -0.4365305447180158 20.119887285522523 -0.3672507429771093 0.0927237393507227 -9.843291339166937 -2.7195774457515016
172 2064 0 0 0 -1.1557274368580315 31.777024056512058 0.3395394574812683 -21.02650600640868 -12.258429049320775 -12.116472359784186 0.14893754483312815 20.937687569050908 -5.523120858797418 -0.6342830027744759 20.34806965091899 0.35471828154030977 -0.45429994403958923 -9.906013740698443 -3.1046171736025903
173 2076 0 0 0 -1.239386707013529 31.876614605653693 0.05496353659784792 -20.659057646990902 -12.29897915547837 -12.120809798129423 0.4043189413208771 20.401948412579035 -5.662517726645644 -0.2658618546315779 20.294736112104484 0.07821812738653566 -0.17943260995938665 -9.80239121862093 -3.2184674730792753
174 2088 0 0 0 -1.2188204320280163 32.12248299815936 0.362858941967398 -20.903167509889432 -12.706295254439992 -11.731108324951931 -0.5944903836747393 20.90523570093292 -5.283394774908458 -0.932276060155615 20.974935227637157 0.8000166408162329 -0.5174765763451817 -10.100904505082218 -3.3814456424796657
175 2100 0 0 0 -1.2213923084497964 32.003077304500906 0.7881152345465631 -21.080031683052674 -12.82502742688821 -11.993490722011789 -0.4988132653795457 21.180773220130405 -4.999662409862761 -0.8944800732800563 20.8778880285092 1.0145262699568438 -0.8042269145873017 -10.149719703004282 -3.5473507461345153
176 2112 0 0 0 -1.2556619852645503 32.45051917292559 0.9596830594207187 -21.440596567869807 -13.262042319550849 -12.118643827503055 -0.5461965418672637 21.39960355655153 -5.113047633731665 -0.6717980564383631 21.42510860438716 0.9662846654773388 -1.232705092011443 -10.532842735876898 -3.112143351346455
177 2124 0 0 0 -1.1405722256784752 31.469088448596807 1.4250158652388862 -21.390878698639547 -12.723901315444339 -11.818951561610447 -0.9847030130438643 21.388397920171162 -4.843514805310867 -0.7852509454963428 21.066848110448234 1.072909375858201 -1.536242265031714 -10.370212307724389 -3.0354904125587128
178 2136 0 0 0 -1.1135391927827836 32.10409063658539 1.0579546739638177 -21.5876799386557 -12.805380321714637 -11.900934639344664 -0.548579074686311 21.285395526198574 -5.275618202715141 -0.41870076161003844 21.24732826302986 0.6489331423007795 -1.2991248405556866 -10.676178786830008 -2.73970631391902
179 2148 0 0 0 -1.116780891766097 31.715876018479094 1.6786901129556648 -21.496408238381296 -13.092241699705276 -11.777347838240187 -1.0695091017635134 21.375796433734386 -5.254962043570386 -0.6779678720444087 21.62595865345154 1.170554931176168 -2.0043039389682065 -10.93696608097393 -2.2567223482125587
180 2160 0 0 0 -1.105086885943927 31.801882728495983 2.0457671263031236 -21.354993032494495 -13.51877568098719 -11.979260009778582 -1.2673191653972924 21.591663958045178 -5.243316097164852 -0.985979344844525 21.841795838648352 1.5697766881199733 -2.204739075664577 -10.664091312305889 -2.5094990727859017
181 2172 0 0 0 -1.1410655181730684 31.49145337120699 2.168402711563477 -21.297348762920397 -13.715010135136607 -11.690998182162827 -1.4704164998190676 21.77464994269136 -5.106781389152591 -0.9464792651446978 21.574236444809976 1.8070037019264622 -2.535827607312002 -10.285156209012955 -2.7789508830252485
182 2184 0 0 0 -1.1106098857511144 31.632762095222102 2.6599338722812833 -21.711138830691528 -13.734856549624881 -11.951367192164291 -1.5881581401499787 21.84172030704106 -5.147759618617761 -0.851480790238874 22.029881345583227 1.678152202562562 -2.953425130818138 -10.473219720592544 -2.343617888481
183 2196 0 0 0 -1.0577488810604547 30.96336718077349 3.302381036309526 -21.412551621734192 -14.521007993828748 -11.312382318985055 -2.628818603332072 22.26872548129213 -5.133440773746626 -0.7737200675599687 22.787535769033713 2.4007312225626363 -3.8871660947459836 -10.871570604868927 -2.2115892589179205
184 2208 0 0 0 -1.038400594288724 30.521171972601202 3.3458122956141256 -21.142880052876205 -14.321138070619375 -11.663598351911464 -2.103305997063549 22.042927777763314 -5.527567882798191 -0.4525761622005483 22.446232368030422 2.1241629456433904 -3.705321210482263 -10.686072758464626 -2.06223244902183
185 2220 0 0 0 -1.0093407553309786 29.474618041399484 4.288013330209678 -20.973011490748014 -14.60670726712127 -11.613889381440144 -2.3681929864117013 22.567716026205222 -5.5277381632560285 -0.6802090775020169 22.66394338526677 2.150822776848633 -4.389155175447214 -10.621933805866846 -1.741852332545113
186 2232 0 0 0 -0.9849453139556208 28.557805904066882 4.749070208496366 -20.519032609125343 -14.431312776315494 -11.76055997737717 -2.8326834489697834 22.652653666677583 -5.361696398539188 -0.7624608990955101 22.569750854465003 2.526817283738844 -4.608313629008347 -10.588599441696447 -1.8202500393103014
187 2244 0 0 0 -0.9548300953506655 27.861372287787294 5.662840279896204 -20.75220269595076 -14.37104093853885 -11.911188336728326 -3.3290174334334433 22.940363354527534 -4.785829530001533 -0.8561570177723893 22.0944887002381 3.360427637474065 -4.843683980847823 -10.420881999029104 -2.382708270249629
188 2256 0 0 0 -1.0146243359522582 28.154212105770302 5.919600215092559 -21.123324183936507 -14.515078008109116 -11.930351505770092 -3.1748651154962246 22.826542900130928 -4.9100444511345165 -0.978875779044039 21.50125979175605 4.05053091758939 -4.811885244088238 -10.272443512807685 -2.3415759481567235
189 2268 0 0 0 -1.0160998467060705 28.538358731054167 6.66392691457447 -21.532453929614412 -15.742604998405472 -10.703212141086878 -4.757184413836173 23.198745381124073 -4.813824945269713 -1.2896697750874824 22.400103425390327 4.926520346700343 -5.228438297975768 -10.983546634044163 -2.063408161406585
190 2280 0 0 0 -0.9182076129024602 27.15510407937593 7.280036451346067 -21.03209369087947 -15.375931976951072 -10.932299693122252 -5.9489091612732246 23.78188720003201 -4.186174482245654 -1.197432065164478 22.413819839058515 5.528990632492215 -6.302910949169834 -11.158953847780333 -1.8258284564664877
191 2292 0 0 0 -0.9113014393200091 26.810810882613517 6.9133576772051635 -20.441481287792115 -15.018342818059597 -11.199730837009499 -5.762109464244163 23.471578521685398 -3.465979515608888 -1.6508800614667263 21.508559920387352 5.797806506261558 -5.888236332331953 -11.05073811282102 -1.9744127515129803
192 2304 0 0 0 -0.8694716480940535 25.257739772737168 9.07169365510685 -20.318510516169148 -16.201244136008793 -10.264893660836144 -8.112822740355721 24.58725540109917 -3.149518437183233 -1.8693042243234101 22.495316921771682 7.172247537746392 -7.531671937372956 -10.929324875034073 -2.348618698140668
193 2316 0 0 0 -0.7731394329262518 23.271247182077204 10.102781062371001 -19.823929995848534 -15.814950086492118 -10.039977878380432 -8.18830846275019 24.4150737790845 -3.32597400317167 -2.1295906460804153 22.411574664898108 7.329812113869501 -8.34923247664664 -10.054614986863337 -2.404811497801819
194 2328 0 0 0 -0.6650249399197523 22.284423451371328 9.707562411117722 -19.574427736639493 -15.070799745247674 -10.343796283765384 -6.588373854597115 23.84413303688452 -3.725155768004825 -1.6211706468766574 21.376686577043756 6.846318454659167 -7.878564170033213 -9.202349382382462 -3.0433967076251305
195 2340 0 0 0 -0.6993465836163669 21.323584242901287 10.620149959335876 -19.350221689156015 -15.223489887445131 -11.358508297653518 -6.382098010751238 24.547395299184025 -4.129920320100988 -1.5987346205025972 22.067459473774765 7.096465077417359 -8.933528428086124 -9.377017945823273 -2.5158091409832606
196 2352 0 0 0 -0.6399505081363865 20.615800851346787 11.84285272374976 -19.459398861260063 -15.320895495732115 -11.592997123610592 -7.300458496136283 25.070406729401014 -4.019934903940058 -2.1238805638393616 22.487054614475852 7.935483046610748 -9.122706630963332 -9.466832100717653 -2.8279534657057916
197 2364 0 0 0 -0.6122964081515693 20.973566730876193 12.357934843041749 -19.11976235429543 -16.443232820660306 -11.361885361578704 -8.783370036386305 25.780505807855384 -3.703569614844711 -2.962618516899577 23.528460105627765 9.065565626034571 -10.345644683170162 -9.821585766867827 -2.252708911525799
198 2376 0 0 0 -0.7542242407286068 21.803402545244367 12.180850816564279 -19.514133831582505 -16.383129768480867 -11.32622153743725 -8.667508429534852 25.813080658996558 -4.021115116069152 -3.3903600523959248 23.90086658805962 9.044798315301762 -10.450873004730044 -9.298178382096436 -2.481197530096258
199 2388 0 0 0 -0.5836679362250772 19.399101774145702 13.815587799802842 -19.78982821147979 -16.393601988271364 -10.385773206463186 -9.729569179324846 26.01671180495664 -3.616975314288536 -2.943318324965993 24.250947081192674 10.33043861865775 -11.526687063630186 -9.749738721527581 -3.1470403479641123
200 2400 0 0 0 -0.4655529642536135 17.850487806662294 14.700034270335134 -19.630353632901954 -16.7050482457662 -10.044099572567221 -10.805722565505345 27.337069503108832 -3.1361584351744676 -3.614670135100064 24.602128642195147 10.936860642831341 -12.530380693546135 -9.911177801271196 -3.008587347721956
201 2412 0 0 0 -0.4635479035154003 18.845941467356912 15.279708284003803 -20.79615179613214 -16.71985456590731 -10.142942473999463 -11.25296709945608 27.37410540997418 -2.6236547506880252 -4.1797350238256215 24.28043560848406 11.804654561217452 -12.411214521937266 -10.193690352289517 -2.8346098778563
202 2424 0 0 0 -0.481033144116268 17.524166993103474 16.988202394297048 -20.538966150063764 -16.945623924027494 -10.568216988747285 -12.900044097774137 28.37171745436818 -2.1296718280467917 -4.119680355632152 24.29448458708562 13.073498544674514 -13.989596765606358 -10.157833859676744 -2.655632732487832
203 2436 0 0 0 -0.4748717081984428 15.540423187410436 19.173561981195164 -20.72745627131548 -18.39550100294699 -9.223168505435082 -14.8233836256007 29.281073851585386 -1.1013986341822182 -4.457428748046048 24.75017989174962 15.306428068629286 -15.38200286000121 -10.95587577036316 -3.1142078153608796
204 2448 0 0 0 -0.3860035767082867 14.486842675017243 20.19930974772839 -20.55641978143399 -18.62311247868605 -9.563132686495887 -16.56846069249078 29.889221473212324 -0.03617980206221816 -4.482691393173081 25.998448011132943 16.162028351023206 -16.40538029483404 -11.599602124772654 -3.316338074814231
205 2460 0 0 0 -0.4405303605636013 15.683112423715865 20.13185710440516 -21.132949863155687 -18.546571055732535 -10.314708317764865 -16.092344440134468 30.220028128624797 -0.679960175300473 -4.398002813717689 26.375322241678468 16.032094827408088 -16.63572727390114 -11.498048609725714 -3.1542467099204736
206 2472 0 0 0 -0.48398331675362094 15.801716233299834 19.337015805169408 -21.02275107698665 -17.482042634502193 -11.607873941711786 -14.86805881967651 30.176382147494927 -1.0380276931286196 -4.209513568368124 26.356572647895735 15.15918381845678 -16.90753572353215 -11.432850126418131 -2.3908071375755253
207 2484 0 0 0 -0.4787000873129307 16.882421054205818 18.58522067533429 -21.668175240469683 -16.840942573409176 -11.89561260426098 -14.07768049951876 30.221747849813628 -1.3538390505245652 -4.48585157558842 26.522518747201918 13.915358481388179 -16.17166863577653 -11.469504809738291 -2.024700428547045
208 2496 0 0 0 -0.4960701379326041 16.81976629354333 19.06525076556445 -21.817561723604765 -17.533743332920857 -11.660211412944843 -13.953415564565736 30.20294820037696 -1.6970090520064054 -4.160788312599547 27.48706725868363 13.915498518434683 -16.886843998008985 -11.520731991109841 -2.06774773112538
209 2508 0 0 0 -0.40311489250612953 13.86181199935227 22.246922573996706 -21.477829558974626 -18.173973626061283 -11.665832203546731 -16.57289193381918 31.896400911325617 -0.821130567938769 -4.943670857848525 27.552056162508997 16.494081066826677 -20.187825993093462 -11.316695597920509 -1.2641507628791049
210 2520 0 0 0 -0.3201311217808713 13.392615887624741 23.317171318114752 -21.811614124789113 -18.723789937129904 -11.635330645547038 -17.494932199591197 32.95608520652466 -0.7472929728400117 -5.487076292361855 28.603857911851154 17.30161177774585 -21.849448077763185 -11.072283110603601 -1.1931645657170211
211 2532 0 0 0 -0.3723228877128786 14.21655058811223 22.074207229631632 -21.374665955807767 -18.03216688696031 -11.857202054526306 -17.629458610984855 32.48071304925507 -0.28412814942156667 -5.43193117178611 27.564280246743152 17.282417532452843 -20.647763057058672 -11.088268587422382 -1.5923761727887673
212 2544 0 0 0 -0.34694928142309145 13.835162523507048 23.71264643541728 -22.53726255576053 -18.38579319831645 -12.369488646894437 -18.056213386947796 33.76272308438993 -0.449730579598222 -5.819139781989253 28.63643733879292 18.136452173272552 -22.529352887516705 -11.331008213310199 -0.8856520240598146
213 2556 0 0 0 -0.30798026206349854 13.450960225413361 23.785864508666798 -22.335131726043347 -17.80464733924538 -13.032620621915793 -17.9335572511057 33.46785209443421 0.08586409996800409 -5.560727844860762 27.516145928846516 18.492841757196818 -22.43493744623191 -11.075709902575392 -1.034607440268339
214 2568 0 0 0 -0.28634002886067267 12.425386712733033 25.028137906659058 -23.026942216483445 -17.939113497674573 -12.292270620253687 -18.248028732135335 33.32542821116068 0.4125351795341436 -5.455818847906594 27.147671291636915 19.72230324460957 -23.10313347660704 -11.137753671529069 -1.4442128878624974
215 2580 0 0 0 -0.3309047931506969 12.815843903400987 24.696025628828647 -23.08732011800175 -17.313290461328048 -13.214033226590537 -18.298822935997897 33.58136909558474 0.7186553636412321 -5.881243527036458 26.67443090129224 20.57688796955435 -23.073504310536798 -11.490560502707982 -1.229385800859149
216 2592 0 0 0 -0.329131461590431 13.580951891515165 23.138035721290652 -23.038335660755617 -16.350042745487784 -13.162449202558586 -17.68131112372745 33.44365054358087 0.7667889336521069 -6.350268892274586 26.497981135921638 19.209759993227888 -22.06805414099452 -11.242401019423106 -1.2021801269663244
217 2604 0 0 0 -0.309837747934996 13.610003960652936 24.737062245040946 -23.427927204378143 -17.596049610545034 -12.64935928223439 -19.955792135480152 34.21269359158507 1.759229805708541 -7.092598066088989 27.933469348191363 21.520798803786448 -23.93532087640242 -12.057697830312746 -1.2820248680044615
218 2616 0 0 0 -0.3648903579254261 14.379600236359506 22.525465517397553 -23.366121472539923 -16.22966754506862 -12.72848293107741 -17.77316143678994 32.6657938167792 1.5020509763011238 -6.6644729036716335 26.769075236062204 19.752538400230875 -21.908329199415775 -11.94549427782336 -1.2393901912726544
219 2628 0 0 0 -0.3442627820907487 13.474818790522695 23.42005973719577 -23.0868696801529 -16.28157688720049 -12.234803911929538 -19.043696356713042 33.19786528839028 1.3102570039353008 -6.827738298689888 26.70255312024613 20.048024445602593 -23.330528425792156 -11.677795502119224 -0.1071102137562785
220 2640 0 0 0 -0.39539516335105523 14.243123357785588 22.605224221265228 -23.34673263612607 -16.08392272934927 -12.167533977077435 -18.23599924408084 32.17818040769858 1.5277792852725098 -6.207807496257427 26.55516559429602 19.335108237051355 -22.877141403838507 -11.462382306918297 -0.3684140358107517
221 2652 0 0 0 -0.4165493513115565 13.426895655748362 22.927234091791817 -23.148307631324368 -15.789478807753929 -12.429400980316167 -18.8192483641011 32.950688258009755 1.983762320722604 -6.628661802329452 26.263082189928866 19.462769192973013 -23.476534236966806 -10.574223357114315 -0.6934369456376697
222 2664 0 0 0 -0.3122100121035086 12.730312195359176 23.52768965139854 -22.98318124435345 -15.921521714182308 -12.134730582916156 -18.7437343134565 32.59136236302293 1.9993416676231028 -6.457905753920563 25.426665310874107 20.11512547982771 -23.2835725922391 -9.996426612396078 -1.5104362495057184
223 2676 0 0 0 -0.37813705469200454 13.662662924326881 22.00061059560786 -23.124423555394735 -15.678751704521568 -12.079832812626965 -16.971506986304462 32.43128378212527 1.5932283810185661 -5.748088817944131 23.82589937144791 19.05716933713997 -22.13255072192352 -9.662990379660204 -1.7235464653874493
224 2688 0 0 0 -0.33479932255660105 12.754033784176167 22.589262749405666 -23.16742311293514 -15.626542505533957 -11.640183369778619 -17.31457140427641 33.238166894963726 1.3945435398467712 -6.071030686048305 22.76623810463118 19.824490167496563 -22.62614588694414 -9.146070232580591 -1.7379290507106622
225 2700 0 0 0 -0.3063340210311123 11.423648718857814 23.845428357681158 -23.60442854737611 -15.365176059620904 -11.214923452936128 -18.181046388540615 33.64975723716911 1.9844958389087317 -7.240084725659297 22.712858248293625 21.11999769608401 -24.08060234072776 -8.725066884572811 -1.4031591821279832
226 2712 0 0 0 -0.36712243405463046 12.28013213425226 23.414664676644062 -23.708983710520577 -15.776499715801476 -11.696407291942068 -17.56068215937801 33.86970979737784 1.3673957200166444 -6.973142015538485 24.29519814973782 20.392748205625082 -24.394027994779098 -9.832210105567574 -0.5346685196042769
227 2724 0 0 0 -0.368719313244136 13.024336587050636 23.37300837719594 -24.476471323916 -16.2722214437392 -11.718140800906664 -17.724664665998297 34.97005402681453 1.3128992104822663 -7.722365907322629 26.279398599929962 20.211799741772744 -25.200584607660403 -10.273025494178677 -0.49525911496032676
228 2736 0 0 0 -0.38129221702279753 13.885698158120661 22.10443252675339 -23.94955538532663 -15.697484698341286 -12.233805525979934 -16.039607911189883 33.9544455714713 0.8555073568677588 -7.679848420083212 24.82869258018229 19.865924736281478 -24.339531412281627 -9.365439259627959 -0.6762496894360043
229 2748 0 0 0 -0.3584252753075838 13.55881444974698 22.40810748735553 -23.890336572290117 -16.099460834506043 -12.11031661235462 -16.21313271851168 33.68214974704379 1.2129043278903993 -7.556191998372418 25.193253975637845 20.050556122477545 -23.98476682625295 -10.611054197740266 -0.26697264553985384
230 2760 0 0 0 -0.37286608872569527 13.75120094745663 24.786596717205505 -25.434331469277403 -17.14860421088539 -11.756191077670753 -19.67681118949073 35.73264545863469 2.6933297614666305 -8.623483124843792 27.15689285696476 22.137321487683817 -26.80800416646861 -11.509260104806982 0.3478085851839991
231 2772 0 0 0 -0.3262823226929936 13.663532816165077 24.99678477799157 -25.726029422003073 -16.773247767043536 -11.172589894952447 -20.19082102265417 35.57567985981659 2.53555758927617 -8.463417093719968 27.11862144044189 22.17505333190015 -26.914615876153643 -11.26834856558212 0.15765207526011338
232 2784 0 0 0 -0.3648273221662081 14.661225249456749 24.165795631227663 -26.554036089899533 -16.187010778992526 -11.761382184225049 -19.57638562231134 35.663586379876584 2.9866477818513273 -9.113186183463899 27.418529507821663 22.00109117438066 -26.816649142024048 -10.847900175704813 -0.23461880381937583
233 2796 0 0 0 -0.38145641009353976 14.028842281190935 24.75620261413738 -26.166940698004094 -16.790462857716047 -11.3741681162246 -19.981067234967306 35.80125825259255 2.4340120055167733 -9.159071173001077 28.588235562577 22.065543243759805 -27.603012093643105 -10.994985138081937 0.10118910200728126
234 2808 0 0 0 -0.3590486964939393 13.905694832225155 25.61601945911988 -26.506826133324132 -17.622419964056277 -10.460193841977937 -21.111209827263195 36.66499174461726 2.3970776390865876 -8.729527267687926 27.91994614654422 22.662947353735326 -28.39149404869503 -10.951543207532115 0.3858212386483936
235 2820 0 0 0 -0.34003855392853083 13.975695124244233 25.534359557306274 -26.857785813080447 -17.22095491947886 -10.552694758494455 -20.656535682447835 36.83339558081888 1.8433661761144728 -8.778624980216032 27.80097275743554 22.39586971754507 -28.110908391026122 -11.171005335598203 0.7347556639163046
236 2832 0 0 0 -0.3697901460873913 14.26979666767485 24.664513545346946 -26.55731752671093 -16.479208867912167 -11.133605168049167 -19.206584627917817 36.24875062991517 1.4815385351788957 -8.541954253537735 26.456219989335313 21.319294279627762 -27.075678417743642 -10.710811140468183 1.0736512380116354
237 2844 0 0 0 -0.2835082284881687 12.4304849145915 26.119193209420224 -26.372880003814977 -16.430336840942523 -11.506350235470597 -20.23395454938952 37.250514280329796 2.292322696169216 -8.870531324730818 26.466730627557943 22.5582451055453 -28.71034453061303 -10.756723863357372 1.1552558846240328
238 2856 0 0 0 -0.3357620904819133 12.327421697512587 25.742812789509962 -26.32004657094738 -15.87649058022819 -11.3790651999446 -19.67798994367819 36.749563091058356 2.3927716509367283 -9.266707295176575 26.143377514144717 22.217528564371662 -28.849329945833865 -10.092065427243542 1.2560068419024903
239 2868 0 0 0 -0.3200500895697261 12.363724945664217 25.140493913919606 -26.34384525643524 -14.858676816913063 -11.553427759074282 -19.182462726497498 36.29359978799353 2.8344340436133124 -9.968407054611358 24.964249170443413 22.291755499830817 -28.126581590399976 -9.635465702491196 1.0908804388838935
240 2880 0 0 0 -0.3066261992376112 11.606547194427455 24.99092769748952 -26.3144124708536 -14.570589067621947 -10.541031926614378 -18.68577387983409 35.490181424843435 3.146303136029722 -10.12012351935801 23.69914619777991 22.417116377289826 -27.76812246186558 -9.396420891212696 1.1054962451358699
241 2892 0 0 0 -0.2563581454701664 10.984589581076271 26.470247344612932 -26.7742117437236 -14.8241774836467 -10.512312455480789 -20.423311206759596 36.214224098661745 3.515980191166332 -10.009427811887571 24.121838111707405 23.692698774458826 -29.156683664388527 -9.673973601434543 1.3645048828684714
242 2904 0 0 0 -0.2959362650279659 11.87389657945967 26.56442488587016 -28.098795787616318 -14.594591917562251 -10.37092722843963 -20.756815876255235 36.01951858475041 4.18378798496103 -10.231277282934785 24.84534376121582 23.98959027366435 -29.280234610980553 -10.333392264684072 1.3898869203962128
243 2916 0 0 0 -0.2823084678280278 11.569227238002481 26.933973895031777 -28.20619846164443 -14.492897913852106 -10.432685311904233 -20.777597328993906 36.43143230392241 4.293484820326902 -10.76917040458848 24.090127714566474 24.578698345712805 -29.709470930776135 -9.810431655802965 1.4644706285627827
244 2928 0 0 0 -0.2747637791621732 11.244156076231947 26.983140998964718 -28.000374329335262 -14.59389428383948 -10.417766494232378 -20.86130851175903 36.81115527711908 3.667342966937004 -10.325229252604727 25.005844960337164 24.07723875606323 -30.559649019698902 -9.786549739679627 1.812986712782562
245 2940 0 0 0 -0.2645770265619666 11.108099229832694 27.148827119473953 -27.995100213313798 -14.979171314299482 -9.833398908296713 -20.98111666183024 36.64316846285228 3.704434576437033 -9.976305809523598 24.62983038595532 23.878349757044187 -30.16216758921413 -9.924553921140701 1.7643766630593294
246 2952 0 0 0 -0.2838062208857572 11.583377730860654 26.379622110243936 -27.762239485626232 -14.944930340625461 -9.69446275162931 -20.408228467016063 36.567437847743015 3.1052777411012444 -9.41869282754986 24.296250472403607 22.760946345247383 -29.951050737880088 -9.990523919668323 2.5766766682302173
247 2964 0 0 0 -0.2998783149079875 11.615675743892668 26.39601886725149 -27.752137894411412 -15.024587748230182 -9.742330326469448 -20.251757394893488 36.652066245444075 2.647521683919274 -9.278947220305971 24.76229156807928 22.504310019315707 -29.78170880127134 -10.569035843119464 2.932778047124135
248 2976 0 0 0 -0.2714428317758845 11.476481940151727 27.227688969375777 -28.329942966923603 -15.433613283075031 -9.181496867791795 -21.329709523173662 37.22433764137981 3.1344546601538226 -9.71208571567701 24.882004925908994 23.48063799440073 -30.911402257266776 -10.361424544536744 2.980548897404234
249 2988 0 0 0 -0.26882007500645805 11.37857117182745 27.299553463884727 -27.956516879950353 -16.19405026857072 -9.024424020031285 -21.24300771292804 37.159442113910266 2.7120017642465934 -9.117569941713448 25.661193653662544 23.257226049669214 -30.90532872653264 -10.656612124523573 2.7404868474576536
250 3000 0 0 0 -0.3025485509814452 11.788396349471789 27.158815101107304 -28.45320729107781 -16.312717412167405 -8.213958951668317 -21.00523665979729 36.89818160837634 2.5048857994231306 -8.747074445288364 25.165789824229787 22.868403857640878 -31.08316078906301 -10.465024769121786 3.118451865675107
251 3012 0 0 0 -0.2778745995981369 11.246946779837296 26.567785575919462 -27.95328252033299 -15.213644018091117 -8.804216815504615 -20.02721575099417 36.33531197175819 2.372555072128694 -8.57879612694879 24.388985406934005 21.967490994966962 -30.895869465235545 -10.022906121729815 3.6299508242262104
252 3024 0 0 0 -0.27481479194959946 10.725059899329153 26.539220184003753 -28.114693645803868 -14.610942620060289 -9.40778829338925 -19.492944741243065 36.894596972472456 2.4693059227730285 -8.669325246712965 23.681684559192277 21.864396668676704 -30.68475739264955 -9.959280613817898 3.5683390306944127
253 3036 0 0 0 -0.28659744668866644 10.931618130862653 26.376345323030638 -28.349111108608692 -14.509710799008852 -8.906409760939155 -19.34818525064134 36.55074901903798 2.2792248333414737 -8.986846320423423 24.20860458186569 21.329843844369947 -30.63353608089719 -10.047304125893087 3.9529879769829064
254 3048 0 0 0 -0.26807436342128654 10.678798470668497 26.254090508792792 -28.26903751781367 -14.26651412643631 -8.63016343387731 -19.682141788593764 36.60079006300748 2.4016619301515494 -8.925017619713966 24.815995355443302 20.78163913215337 -31.261163431776826 -9.909417832898152 4.168206625594775
255 3060 0 0 0 -0.30022874959266826 10.646295024726866 26.724774793185297 -28.863214375549177 -14.597228657224989 -8.303632028431833 -20.352202249263193 37.526861158661895 2.6998092805255554 -9.367327019433155 25.284024591947485 21.412073915497114 -32.30711427386728 -10.17162660660818 4.444381433755426
256 3072 0 0 0 -0.30527542793343215 10.453162676849143 26.34852381290773 -28.82908710082886 -14.099288327962654 -8.615672794564752 -19.093621621576773 36.92330266566052 2.5877900211658695 -9.027858700198273 24.458202995031826 20.721745304858825 -31.424555260909155 -9.935771560566552 4.196261763926576
257 3084 0 0 0 -0.31250228131166746 10.255581022704488 26.390784658234388 -28.65341492048501 -13.950828503063903 -8.456927570989594 -18.78358411895243 36.74409332645846 2.0168431582357624 -9.169601934849762 23.852627979364385 20.723621832083357 -31.15162052952229 -9.477379365260592 4.297152580506968
258 3096 0 0 0 -0.29226488502997217 10.165552200703598 26.56415431216402 -28.813013580840238 -13.629314998618126 -8.984044662196956 -18.09077029420063 37.06066875841815 1.5374704226417906 -9.463003228136225 23.517296116341814 20.494327861553398 -31.331149405646958 -9.231308626844175 4.841828138464694
259 3108 0 0 0 -0.25936582206861636 9.100069157077492 27.30366051838182 -29.386965557355094 -12.749624568849063 -8.96928683634713 -17.86879188130764 37.246203367857326 1.3272373866271223 -9.370610386209002 23.210338866573625 20.14526606246055 -32.06788800859149 -8.904872473721953 5.383821980259976
260 3120 0 0 0 -0.2519936234973146 9.244202622446085 27.038090932230677 -29.62150120353482 -12.740822438866521 -8.688653741919545 -17.04329660160158 37.480468089002436 0.9278160243565917 -9.573264057538172 22.52890058544451 19.97644553238328 -31.98114050168647 -8.87340502128162 5.747715859423796
261 3132 0 0 0 -0.2591829786922898 8.607270439672531 27.33914334514829 -29.856768477813034 -12.300682024947426 -8.75439759167939 -16.829862179981546 37.98516508215906 0.5656534051184581 -9.69803623900531 22.185788207700636 19.81403056799849 -32.01492702580438 -8.645548669049473 5.847838865252371
262 3144 0 0 0 -0.223680631941411 8.31940788323126 27.76906777052306 -30.073233961496907 -12.550272648544151 -7.788688236580382 -16.953005917706754 37.499499701293836 0.6038003684889016 -9.904085435406431 21.65917191999288 20.11916364227058 -32.017397914273566 -8.39095014530894 5.909180754767997
263 3156 0 0 0 -0.18999423486485642 7.560920447900953 28.07409186692078 -29.73426407357713 -12.638349538460567 -7.758813395867856 -17.120645283142135 38.04302069288548 0.5318206592601974 -10.348194352139664 21.385618019749817 20.731605103771578 -32.59549777508207 -8.302523406826644 6.175478268089201
264 3168 0 0 0 -0.22529247773302996 7.535338534997111 27.113899769148507 -29.916119796252186 -11.397988560742888 -7.678450950848883 -15.97834303614305 38.061064622181114 0.07477652486866138 -10.767339836205439 20.3633488013269 19.773142465292015 -32.20759076374208 -7.587817436602892 6.523235594268265
265 3180 0 0 0 -0.20310389169058218 6.899642304955617 27.22728515326769 -30.783815565436758 -10.118067901115491 -7.902517166736023 -14.68069510016777 38.876729969163506 -0.3923624527485124 -10.849681775547557 19.055646420975112 18.76951129748022 -33.29413970773894 -7.305924106034739 8.244129977102594
266 3192 0 0 0 -0.19979936657593855 7.7037294935232 27.103187024151463 -32.0960491616299 -9.285025749907957 -7.924717542798577 -14.794828077591628 39.20299932517759 -0.35484107615973737 -10.759028782102856 18.1791682253885 18.73023060612868 -33.09613759916648 -7.593610605718772 8.89407253869079
267 3204 0 0 0 -0.20489826272258882 7.8765750650678585 27.586822844043564 -31.724111245923975 -10.602043335767558 -7.363529329187886 -15.542790120864979 38.32936147049037 0.0011446189942590501 -10.391588242439902 19.148418066676637 19.36366263515495 -32.47892362186697 -7.993246397437084 7.792710517643314
268 3216 0 0 0 -0.19426017878829863 6.879398811776714 28.868413437986057 -32.10014330608662 -11.371056669346522 -6.669859763377042 -16.182972991744673 39.39242186082038 -0.11108575516109433 -10.018805764780893 17.944304905460044 20.39250374007975 -33.31270727852974 -7.703126720173326 7.802566218771304
269 3228 0 0 0 -0.14915423149534704 5.704747000697641 28.97269064424899 -32.48154626628084 -10.454464135504708 -6.431964479605622 -15.371091616561605 39.775792027160925 -0.21753024410249272 -9.636079975683446 16.206673982868853 19.75630352051395 -33.2037997086671 -7.645083614549582 8.449511824674122
270 3240 0 0 0 -0.11054059354254758 4.937837309108347 29.814516131334162 -33.99089271269002 -9.326467714088452 -6.185578481537479 -14.344936275480169 40.52677546249527 -1.0556317482411253 -9.797244145368834 14.847112046441145 18.759047279263147 -34.55275830209648 -7.124122792373541 10.705840500413627
271 3252 0 0 0 -0.09673100232407779 5.278446093281221 30.599082730987966 -34.52596694807263 -10.49847446064842 -5.2829135490171115 -15.107330639167913 41.942827992484816 -1.8203171646693341 -9.960414908655682 14.9196059764685 19.12212755133552 -35.24964652362395 -7.165758902337937 11.157179448044273
272 3264 0 0 0 -0.1238722265960229 4.76416362703916 30.537223198692146 -35.509488116203265 -9.301313340389358 -4.664639789178845 -14.492670609376486 41.834366568943054 -1.7233599689537722 -9.576260887125192 12.532164545295675 18.52291405152236 -34.78046587067221 -6.6166733190312765 11.678709000515306
273 3276 0 0 0 -0.038633359335018214 2.4145185429744456 32.17634483584577 -36.83201175732531 -7.73204282410455 -3.9381649993636545 -15.220355969789921 43.697225898480795 -1.5026917034684089 -10.85959464469098 10.610765949777042 19.949696923707858 -37.00943487851956 -5.95992704475538 12.822472101210849
274 3288 0 0 0 -0.0006460849651214115 2.349329389079832 31.327926754790933 -36.02882759839058 -6.528236172151728 -5.527179807742303 -13.908039977335045 42.88423210154413 -1.3626438552537723 -11.753764734934785 10.677740224889494 19.607533218451756 -35.97511472193893 -5.482353949141411 12.26487191231753
275 3300 0 0 0 0.030535956742698562 0.9498574172942886 32.22536982005496 -37.92531727094851 -4.491979708504354 -5.565572118312953 -12.275117031416636 45.20211962923608 -2.420981493527935 -11.872812994141077 7.482224679712834 17.770997555342216 -38.103421865830796 -4.239973010869345 15.457882208870526
276 3312 0 0 0 0.04071656839881425 0.669151306304873 32.431305712924186 -37.56457220025794 -5.214924058472831 -4.631168083088514 -11.843347510720205 44.48214332045343 -3.128568348912184 -11.889614825392764 7.30899950554705 17.339902393938505 -36.284231379043476 -4.607844011623258 15.089262225744621
