% # columns="iter, evals, sigma, 0, fitness, xbest" seed=342524, Fri Oct 13 12:19:27 2023, <python>{}</python>
1 12 1.6345668181687718 0 0.12799742644868342 -4.118677673029319 -2.1132529365154538 0.5028472670479219 -3.6169443522065716 -0.428752035917897 0.3372804239802888 0.23450149173159374 0.16247667289752404 3.0943348181504264 0.8491245608755932 -2.016325567321436 -1.5096682510753348 3.0400960713541156 0.909227764575352 -3.5531420649910994
2 24 1.5338164574921207 0 0.11003811835912355 -1.64149245872827 -0.25170750179662593 -0.42223961423427103 -0.12444527347161638 -0.808742696766646 -0.5886334125047255 -0.5700015374608076 2.860674250333261 0.6910199348253837 -1.7490664567593837 1.2682217669233626 0.3161190232468257 1.2897528506253126 1.2050445529755809 -3.532916322324353
3 36 1.4784590879255348 0 0.11791971747915264 1.516029084834174 1.0291104446182617 -0.0200511809690056 -1.0652760614574863 0.060856874628738795 -0.9235822915041538 1.3620821883259844 1.619649133431467 2.0314584791113672 -0.926161488942095 1.3554055641962395 1.7113687980609436 -2.4470595473485544 -1.190248554959509 -1.9556768095235357
4 48 1.466979935984978 0 0.07386696729484327 2.415649217887254 2.921169958292623 2.229056555231535 -1.0144493705366016 -0.9050872417176025 -3.0108473252269246 -1.8971906029590508 5.430219819536286 -0.8050855469592029 -2.4429094776253084 2.064239937872926 -1.6576596057869633 2.7910077080908966 0.5392671912283058 -2.2691404200191414
5 60 1.5161199185554648 0 0.07289722363305984 1.0825450593925259 3.9798427105917513 0.06423303883201048 0.2463233456722813 -2.1408399568447956 -1.2803920252931542 -2.539395326084733 2.7940355564268113 1.5346401912713261 -2.7047290124161334 3.356900357571736 -0.8595655313067395 1.8281995968942366 -0.8462018051436173 -1.0148784520091332
6 72 1.5745573666546413 0 0.09990553940962282 2.7495949895253204 4.237976335756778 3.3026792458354013 -2.7525979794537396 0.12109552360713038 -0.46335314373551495 -0.5765910131040755 4.145905392112686 0.5539270600996423 -4.633409337156072 5.08225282235522 0.3396445523059331 -1.4605953679976265 -1.0698152518056603 -2.2146386972162286
7 84 1.595840528415133 0 0.09166635320021074 3.9234353977437704 3.3401798464077395 3.2896423002050748 -0.040312938668445764 0.7247352883139362 0.6957531922943958 0.1436712451958173 2.6122015029474697 -0.9731267635188521 -4.937027029417962 1.0959616571905637 1.9050764354110488 -1.032680459564239 -1.4838994741101552 -1.2202905103304662
8 96 1.6619644232395463 0 0.08454668863246811 4.819168175827266 5.412246357667746 0.6911871683861408 0.9659267394050073 0.32076780136887995 -1.8797083269671575 0.2658412489226578 3.409053770341158 -5.130518597735244 -2.0748436710343996 2.1812299707848024 1.402947436268317 -0.8780226969040392 -3.5852462315808205 1.5946664657106353
9 108 1.7089196774233657 0 0.08159502184939484 5.534694859688546 5.945371428393919 1.9183022021031035 1.308939775274423 0.37648478047950684 0.3369486066962135 -0.06975441951205008 3.4018709014079356 -4.719702252516469 -4.901030703471228 2.2717343925724083 -1.105147953418463 -1.276193972655125 -1.8947068553164481 2.249507595375534
10 120 1.715048720964105 0 0.10604086497308633 3.7912687777653677 2.1598266281402028 -0.572078093229724 2.2488658554956227 -1.7199237490446553 -0.09637136197056916 1.624157757100559 3.7886304150518533 -4.3215073654627165 -1.3456886886950867 3.020989322625137 -1.6925240769011225 0.49263197990247476 -2.3294329179387514 -0.018758305550698795
11 132 1.7919999806408793 0 0.10708593867963925 3.959162252950777 5.972958403716117 -1.311523254813487 4.087420050427761 -0.8078031459160662 1.301060277754049 0.6896314439202422 6.371021975982288 -7.191540986263684 -3.301645052971056 2.2474562839231385 -0.6625239557736281 1.0657034910755274 -2.8969961808863505 0.6454770040132806
12 144 1.816066649609453 0 0.08943282161019706 2.7727347248909973 4.570403075742676 -4.953598556410896 3.7987827165078274 -2.124291183489605 0.12957681375932956 3.7946551774262085 -0.26490496659843243 -6.165450012792645 -0.3401888181619718 1.1810063893627296 -0.5321230201388807 3.11636222045602 -0.2844306390820539 -0.3601843287615858
13 156 1.7986675517159838 0 0.0845945922698772 6.276026408663627 6.709146279445076 0.21240591944427978 0.5891219953741396 -1.2201771806861608 -0.3215437896652942 3.679851565994883 3.6100920060583754 -5.252938130337769 -3.1846694333620897 2.767374142355454 -2.6885796449121937 -1.1087560124416047 -1.8319124093791803 1.8828660236234243
14 168 1.7919513856162368 0 0.0851122845222942 6.930837726740843 7.5873568344646545 -1.071226289807031 3.44976986572708 -0.9286515286098209 0.04325809704238359 0.5487611105282943 6.2135560322411 -6.882260160850616 -1.1863467789727506 1.4284108053554305 -3.1788405580919648 1.5202823957661245 -1.6082134374961905 -0.9702200151234213
15 180 1.7380741554300654 0 0.07501174334729688 4.260234361744882 8.04304616096873 0.6569243423286731 1.5765815279181967 -0.11196079294643368 0.11465824130647373 3.9528518035282296 0.9210223933657851 -8.521579843610459 -0.4573923765900726 4.253990326776529 -3.9658309907358698 0.3524912219601125 -2.1863388606245033 0.6265951234314235
16 192 1.6743058902802364 0 0.0770960872098913 4.770605201823479 8.965465931398738 -0.45677417577319207 0.042995299766072304 -1.07492250293281 -0.9563008116975982 4.62996429078918 3.156274400362357 -4.952892027127042 1.179222995066267 0.9234817766150423 -2.4218094941938264 1.5801296011469488 -5.282970474052684 0.024378076841816698
17 204 1.5737302216979492 0 0.08547590353628332 4.863944194419649 7.6489078904434376 0.8018119058220481 2.5332008213646 0.5556713829534523 2.1948695617995972 0.5330859591401507 2.1196322522153874 -4.911835694150472 -0.7864196638718433 3.0943156136623458 -3.8618064998990227 0.31925602235753603 -5.501136781697579 1.489845134918195
18 216 1.4705153768879689 0 0.07855683860122765 6.0378729432228315 8.43834474762183 1.6291263794892545 3.4706215275348224 -2.912364891018064 -0.0792622099527106 0.191765318293728 1.2030845842328468 -6.214510596598011 -1.4126646315065374 2.9509755526871557 -0.2971603757525201 -0.45746238764374125 -4.808686253836082 2.6141775245492376
19 228 1.384411292771511 0 0.09257586293197557 6.154548578711284 10.708194878349126 0.771591733951352 4.511719114544049 0.7861688489164385 -0.022220624634706254 2.338793839533036 -0.038158050848582814 -5.884296141814062 1.0028978830333526 1.7641025852029428 -2.169511058831684 -1.418391333137707 -4.205776588206229 1.9356228587039555
20 240 1.379327261986955 0 0.09020448835773885 9.289135238830735 10.704346410282655 1.505944134602613 3.7735559976183186 -1.832398521981387 -0.28037882220637234 1.198922202310962 3.3007041234491066 -7.410493315644127 2.7056410761039356 2.0490942547827906 -6.782550654295681 -1.714468062192168 -4.091767695847463 2.189366814667802
21 252 1.2926271947743266 0 0.07322490972757409 7.212858048008011 11.331200901585435 1.464306778075885 4.340656446591727 -1.3548225634158273 -1.9446902354923667 3.222107246898598 0.8974450381427581 -8.779887582157397 1.0677096261426304 0.5807426683465458 -2.4885031957479047 -0.7172719151356904 -4.177579086212383 3.829837011821101
22 264 1.2997329195885263 0 0.07743273106161169 7.434981061677181 11.843379362342338 2.786624203754865 2.646864783277872 0.2959337293281018 -1.8167639434198724 4.384810641844831 1.1788779540196161 -8.312289480757261 0.7487102899261716 2.127056794531166 -3.466508964162256 -1.4481828785695814 -3.3071218877898994 1.1000554953603416
23 276 1.3436112717482063 0 0.0662222793753929 5.904622408765047 13.487480940479793 1.1294852452483137 1.5556598951964493 -3.449542788531511 -2.13928432024706 2.5540708858952805 4.938875120574415 -9.417745330127524 1.3433500364058217 4.161606830696813 -5.340731059319121 -0.934754270207603 -2.2796229999434177 2.1979535362498126
24 288 1.4013503789086394 0 0.06709316158227943 6.124376284651244 12.767399219993196 4.163711114883953 0.19706315746532743 -2.9881875361266688 -3.863045880588672 3.553951025897852 3.649827855559721 -8.198224477397071 0.7649421287937461 4.057407613682475 -3.119252179182178 -1.2019150948632127 -4.039376087414471 2.4845990730565513
25 300 1.4442958880046555 0 0.06553741462432675 5.788432543706943 13.561059266370544 1.9448255182964824 -3.3056364728980405 -0.833989419205012 -4.162875905768608 4.959243613455925 2.6143964775897848 -7.239155862805134 0.7855408624083636 2.195297708291702 -3.640001464850042 0.741902498125918 -2.45246793962752 0.7556536104419016
26 312 1.4754985137871786 0 0.06444819580100944 5.666098977609805 13.80366217356686 4.565783793965119 0.9966969792898891 -4.040395360560053 -2.544506450343266 3.009916985852667 3.2477450895641526 -8.490079843676465 2.113558402755128 1.2544433084694828 -4.615360021834419 0.8540125899606271 -5.0687488917644075 2.942902440246157
27 324 1.4995539529107704 0 0.06120695847127399 5.33456713818719 14.633771075845171 4.6796764990886635 1.1099705029054279 -3.4739339177308803 -5.247385054692075 1.8420588747212507 2.8682923928239674 -5.620659084873671 1.4132827928210494 1.629409050336204 -3.410743943717257 0.2598654578037856 -3.866125502354979 1.880920505956421
28 336 1.4977562495368166 0 0.06226924907238005 4.602915221532696 16.31207383838651 2.8744560654241953 3.012259396674118 -4.138393547811202 -4.867190631676877 1.242433809672338 3.6764160478772716 -7.172926656820384 1.6899799937223599 3.6248420733330633 -4.163628904470162 -0.7891957107030443 -4.410089414580802 3.2119693602511608
29 348 1.4726713989086904 0 0.05876518384731133 5.337381731712548 16.53882320743813 5.2017861311613185 0.041578596008032154 -4.6417163888237045 -3.7118172236899323 3.1342603943542713 3.156577982765526 -10.109209410044597 1.7936460064686266 1.6891257114628706 -2.99300239466875 -0.48326526376302353 -4.74623064973374 3.8062002989769175
30 360 1.5166478806481394 0 0.06348035546657238 5.139076723897016 17.48898642532965 3.6480905066883724 -0.17349781742416037 -2.7002470278344863 -3.0332404366677297 2.861529655506899 1.1082284661001267 -9.744184308704314 -0.624433044990208 3.4834394364600483 -2.859060109552973 -0.5281582622562623 -3.9099749585124646 6.176151754584913
31 372 1.591161831255604 0 0.050790509926139496 5.495868103647843 18.844521733083262 3.5837683042537902 -1.1577205619850393 -5.303848592508178 -5.693885971098819 2.1197997808762103 3.01720631136089 -9.827304126969631 0.9115423376089204 2.930231030838557 -2.581346438504288 1.6527560533394365 -6.495368328465231 6.533515964209719
32 384 1.6423916501695928 0 0.04439798568897456 2.5382651369176554 16.93353333003976 2.366562059600506 -0.8320968262996166 -4.658770976401293 -5.0170426034046915 3.04996972069324 2.636325938963201 -8.955138325464175 -0.904775043530119 6.183720327115643 -3.639418286392513 -0.5919626325976541 -3.6885929589040303 5.399392751072695
33 396 1.761026806887796 0 0.037130032502564206 2.1099314531347204 18.930710514097886 2.8684167959721223 -2.580819053762462 -2.681080409541074 -6.539150466104942 3.2730534894928107 -0.6923612893701718 -9.856974325777466 -1.5549622914712988 4.693708394253435 -1.7358731105078538 1.868057939672752 -2.3740850477508166 4.64548006406586
34 408 1.8464271494718059 0 0.030630424463773367 0.6727887862916044 18.437191396612 3.796806781998961 -2.8452374940301937 -4.95559151221289 -7.500086240583316 1.827001379203595 1.4279072278696614 -9.598562470797354 -3.42553351126075 8.75659750493542 -1.7702951906116091 0.3461568188277148 -1.5796922241932527 5.434644283162776
35 420 1.9205206718993675 0 0.029768427015594845 1.674699970372319 17.928107492919942 0.6118608419901865 -3.9282204293931633 -5.187109610479967 -6.448952160608769 3.7500277365510533 2.9842476592611265 -10.032080058257312 -1.6565046590906867 7.196044813302605 -3.318585024568692 0.048690515567408 -0.6922498787058697 5.490590467537552
36 432 1.8148274965128657 0 0.03327852602393964 1.9831179013706202 14.584278620105575 1.2488577982264208 -1.8263943361914596 -4.8105037437869544 -5.887797188969812 0.5799927372203149 0.9128488607298308 -7.887234411244602 -1.677908734646632 5.700179932394492 1.02124348997362 1.0326390026051975 0.14132003867002518 2.2355051109677553
37 444 1.7099623337853553 0 0.03907363694649975 2.6664071078022262 18.09845671182911 1.8536729756932175 -3.938658356119499 -6.0286729277269195 -8.769970888111722 0.28448652608590996 3.385533841822584 -9.874480359767281 -1.2440565685518512 8.302404266577028 -3.165593043832942 4.2945336474412334 -2.3905070024194384 4.758821313361238
38 456 1.6339228675883564 0 0.030553738203566466 0.592873179638524 19.890425460082344 3.0433195472273047 -2.6861499845179138 -6.010405915509027 -6.723572168742492 1.5402195730264812 2.4572649928969557 -10.257745605153884 -1.2321821749452933 6.057515408300269 -5.544000615375806 4.294207340334076 -3.0908045913334496 5.836193563836535
39 468 1.5782647145682964 0 0.025762369881575792 0.11342842213216575 22.317876378354104 -0.06001367156280324 -4.537630598289321 -3.5987915387349005 -5.995970040663905 1.7532170539067389 3.5934872285150212 -12.265132446538313 -1.286284014780499 6.961359230575281 -3.5509891237179976 1.775325562496664 -2.0069255928642784 5.568974629327891
40 480 1.5708219850063072 0 0.028118468032742303 0.43881405351408187 21.258741600445028 3.508899051184145 -2.1069143646400503 -8.733520489487159 -6.733780484118359 1.844365917013018 1.8755171473925127 -11.861815734983951 -0.04612135400886608 8.669839160889783 -2.369834880028344 2.709359218964081 -1.7827153550809176 2.955835183519295
41 492 1.5648341594163877 0 0.028970878611022426 0.634250335610089 21.775323347035876 1.594636040534693 -2.873268752639554 -6.2565476476422575 -6.568752219303739 1.336530188312142 2.0369283909817755 -11.607868251689366 -1.2158084622308876 9.512080738397099 -2.7971627651757336 2.957681847122811 -3.439191655142022 3.544768378672713
42 504 1.5979456342017067 0 0.03231856483737475 2.6342281840570525 21.640283377131166 4.591153230957204 -4.833122279139996 -8.565895980863369 -11.262255175357154 1.3473708762406178 5.802314076178628 -12.61436308167831 -0.7451118567001618 10.500320727221453 -3.488850944160397 3.403326270627909 -2.9411191685805482 4.5993530903997515
43 516 1.567455083806857 0 0.023086626999756603 0.4706502355496991 23.15800078942452 4.684568494266944 -5.37301051071108 -8.927459759077957 -7.138267572903647 1.546049726140987 2.095300951034629 -12.74705888603781 -1.1182445681374655 10.353554541435173 -1.1186766546924094 2.8122262438857595 -2.4680476845962684 3.410377466367671
44 528 1.5208618264825413 0 0.029026549832813754 2.116480481039496 23.979259302652462 4.495988224923908 -5.764316000754746 -6.308863234962402 -8.157911855056252 1.4978422322148137 1.2791575456558295 -12.67857707065347 -1.0108545265893398 8.248350725753847 -1.366603339192546 3.7282816919338373 -3.456809714657303 5.175091444120399
45 540 1.4949455961295048 0 0.026895954332475276 -1.1514117938719797 23.225582195106092 3.0450139417131696 -6.5664531400777735 -3.445101790054483 -11.25374481912997 0.8267638371679884 4.811113397251981 -10.212076383494631 -3.0598499283768925 9.607535561592478 -0.27503502397117896 1.0308972159009013 -2.498232886870401 3.8133556960907615
46 552 1.5185189793252016 0 0.024729243656562438 -1.2618570526320918 24.204871302921326 3.149118377374957 -8.250496059278673 -4.813479948775551 -10.635647584687435 2.575592312560971 3.2422248717760165 -12.915632712847799 -0.6511145240717509 7.9319238589228425 -3.8713948852852016 5.1533348876973974 1.3748271719831537 2.8032163294290946
47 564 1.5157790653101557 0 0.028435523425342335 1.359845658897472 24.523412018881828 2.631794597985678 -8.878298444035265 -3.078638303086926 -12.403652346620957 3.9981393668052165 4.8475110996930395 -11.113913238543239 -1.2710458078613773 6.690963286935862 -3.87716448089758 3.616918167435366 0.3116077177693979 3.817837457054796
48 576 1.513384911698261 0 0.027732157736461507 1.485241640195798 24.334616894857295 3.2175108062726268 -8.733844584821924 -4.880773653050111 -9.850875583057359 5.648029989300531 4.035518446528072 -13.68003816040246 -0.1654418709504466 8.989431582045587 -4.645359870853774 3.368372008931572 -3.6218540276644666 4.704626854812884
49 588 1.497251757283599 0 0.021080245927957465 1.031833554726279 24.960043202430963 2.203394170602469 -9.012304122359733 -4.357462578993404 -13.728995431505084 3.0990638284781946 6.395229101582576 -10.422353729303842 -2.4147720991971204 9.906251018486852 -2.397624227136143 3.153573361839063 -1.655860650167291 2.843083633192057
50 600 1.504474368730347 0 0.023791219409690756 1.387120276721827 21.855323071459335 1.539955633432994 -8.039527455006791 -4.6220616709478 -11.69371346043475 4.504533046792502 7.719136593769553 -12.412875347384269 -0.8280036549687666 7.8809270659831006 -2.118115124932496 1.6533443331293056 -0.41805999132803723 2.385566034791082
51 612 1.445203399321516 0 0.02244765448565123 -0.9401828663664984 25.112286149579916 2.591929217129893 -8.946109364868589 -4.629646618268773 -12.156460296487616 3.7317669241903895 5.117146539658168 -9.74441752526104 -0.21737306008287288 6.929328313592801 -4.655321957774023 3.3808977224958836 -1.3668685513711938 3.60832728453078
52 624 1.4076090455140895 0 0.02443040700370922 -1.2153152803877676 22.934359680104222 2.4002436568483523 -9.957023913072534 -1.8492409216690637 -12.233271571524751 4.533179303822681 5.785990138035654 -10.720095734506472 0.12305143755644798 7.203922347625658 -3.374486232575162 2.3932220195518594 0.06460610709109749 1.4230356917660172
53 636 1.310081172803882 0 0.019675287954531308 -0.7989585911897225 23.74361488651033 1.4551921948953908 -10.41253428318379 -3.0625155809815983 -13.682415785717886 4.527835007018738 7.221078517669928 -9.852004089883602 -1.7863698820198826 7.392836207649727 -2.6040358035631987 3.9129671354597253 -1.54006535477938 2.126100107240188
54 648 1.2300577353370385 0 0.019467806711836903 -0.49478152181723145 24.15450208651284 0.971285939368842 -8.418249256656216 -2.8093548421199914 -11.089520870007277 2.9450096796868666 6.332037449672724 -11.613102415795334 -2.003219865293836 7.624466941494458 -4.874401506216991 5.308197804874259 -0.5755236476273299 2.9787073625708644
55 660 1.175035403682635 0 0.022771985643022893 -1.2424159693620638 28.234987791635135 1.8170025220858324 -7.418905964445191 -5.9916334016869035 -11.855599086541572 2.427990954119669 4.091679763862787 -11.764153602255767 -1.8235800585523636 9.898570200194474 -2.841738855232518 5.28814138762243 -2.7009337639837554 3.254434597235685
56 672 1.094485345555627 0 0.019353167812182794 -1.2055852916810967 20.99118928443821 0.394666645476379 -8.820315181259215 -4.258614394487367 -10.509379734925716 2.7830493644904633 7.431628132384114 -9.35719565438513 -1.3695940611142148 8.13419303924491 -3.0978065126950267 4.11249280836492 -0.448386685082645 1.0648858483992227
57 684 1.0702677625384613 0 0.017572383938774354 0.05709100822965585 25.310361553387423 0.5461443292485195 -6.931416049221094 -7.552555472445164 -10.148903321320544 3.2089083676201198 6.401311001690538 -12.940037363538462 -2.270899341048578 10.343439804125149 -3.7667991713852995 4.078941430387562 -1.6111542047204488 4.024047169905509
58 696 1.0620138787135227 0 0.016215206588413078 -0.5305722474564902 25.237648683981387 0.4496706535458075 -8.013235153895335 -6.019281677768389 -13.18499905041361 4.064426031842718 6.4649894102414365 -12.381393565929454 -3.6279896821754782 11.389103216045587 -2.2371960892233167 3.1552511499935334 -0.2889110768733292 3.1654370457998353
59 708 1.0720340393175742 0 0.01763534213299966 -0.38415963352004845 24.85001242329872 2.0557287366982475 -7.71949471289626 -7.421902663707298 -11.02257926778806 2.180229372960503 7.040342847540116 -12.792654101256982 -4.363129665880668 9.777647282982324 -2.4884534424727116 4.552217680339609 0.5527800721556877 2.983300943361719
60 720 1.032893944377684 0 0.01798201686924826 -0.6068560880134228 26.981087166624597 0.8847892318604581 -8.637361119290864 -6.0608835931076275 -10.794888586936262 1.5190877622143055 5.614381650652411 -11.904397857409258 -3.979947739107388 9.32393330041645 -2.4489642714579953 5.827290623979038 -1.0262772726908471 4.04935464625612
61 732 1.0392433939936268 0 0.01997741398963669 -0.6870873283226528 24.979005956402933 0.5909621334585848 -9.300659930639334 -4.617430693908298 -11.122497217208451 1.7563719278731291 6.6300555005057795 -10.145862553648323 -5.388165693917774 10.231606064869878 -1.9789725697943938 6.056081829280631 0.6692821887947676 0.4825600437012896
62 744 1.0446051662836149 0 0.01780751925305856 -0.5502392990274912 26.76994427589753 0.39418033054612767 -9.078334971179999 -3.375350804597905 -11.664094993016247 2.424161929538815 5.6304131616311155 -12.109279887301799 -4.406070780736703 9.532883954601912 -2.6728397167826405 4.474693357014783 -0.33720009498523096 3.298441838994611
63 756 1.025196708375885 0 0.01829841226383588 -0.89872796006189 26.746652696532603 -0.38829733919065135 -9.455338029581826 -4.8148710312294645 -10.592315524444642 1.564513966976626 5.7750780622134705 -10.923592856622824 -4.956254539016269 9.047840013946313 -2.491432224043485 5.938109402533429 -1.0357914771627907 3.8971424187443806
64 768 1.087590619414762 0 0.01780307721968801 -1.016901902414585 29.059941152884218 -1.7485246545955815 -8.592137024932102 -5.0293674113234985 -10.988123382140726 0.6222262383766173 6.95252909829519 -10.685923353616477 -7.2923009849393905 10.951181960704542 -3.814376896699995 5.209919320125779 0.5401833910132621 4.012922959586207
65 780 1.1019803012797347 0 0.016148481178238926 -0.33082615757669254 29.186332787284147 -0.43633085868640253 -10.924132041040526 -5.2152318801722926 -13.411491489969007 2.2970449905003965 8.631702508936975 -11.39657466794027 -6.6241138700032565 12.331879200589082 -3.644264531594211 5.714470387158176 -0.23540813480829859 2.742333141908318
66 792 1.137881253966286 0 0.016303881013951103 -0.6076241425148765 29.76772180956439 0.45418857889355824 -8.469014393089973 -6.072503253564852 -13.956052258857962 0.29813755625125027 8.65892851873754 -10.727715399630979 -6.1282601841185596 13.087842082046556 -2.7861478564806212 3.970179294161814 -1.8425120741367595 3.9251288326870286
67 804 1.1377393041393453 0 0.01768000950382618 -0.045903729881811905 28.976755432418468 0.93598127961384 -9.537508499292844 -6.251251826594269 -11.656476844485562 2.3598928902058787 8.020596614655233 -10.922812160128082 -5.533338098397689 9.829287561215239 -2.5523853014319293 4.998015654161931 -1.9827496376521938 3.2938785192734272
68 816 1.084420301562552 0 0.01808327187899561 -0.6923859190192575 28.769794626434063 -0.7246496149029287 -9.197073818158497 -5.940875924674761 -12.976914780095575 0.9386427603643239 6.520980763649845 -11.033828004267045 -7.195278127574424 12.629065591252454 0.07932942467169823 5.039930258376529 -1.3472084269300462 3.2831030268156116
69 828 1.0616144417763516 0 0.017074149835021025 0.11037281581478228 29.347393593849905 -0.3970897692338379 -9.635692969198729 -6.905500346417193 -12.871732924489015 2.8737739326607556 7.636522919468084 -11.672999025975917 -4.918536359569419 11.815712968842071 -2.156998274328481 5.436953471446921 -2.38602535321529 3.405814139447946
70 840 1.0300878245397762 0 0.017476781119318295 -0.26985345956578455 30.203968044207503 -0.14036541409011088 -8.199711706747944 -8.328159731493892 -12.985926547911516 1.2214080155989422 8.644515390018734 -12.95418026535917 -5.9558425550207 13.025173167975865 -2.273605091753247 4.787987740341874 -3.4546860628067626 6.377409831756756
71 852 0.967123118419983 0 0.01833275095362013 -0.28273288358790966 31.7393131115963 2.036477512142226 -9.756089969579536 -7.972679398148299 -13.540957102829704 1.0050126033186162 7.230642806593668 -12.128205795661117 -6.941482803969986 13.437101783844325 -0.6595031280681681 4.799634899278306 -2.9971493696565314 5.1148317533138075
72 864 0.896380115101616 0 0.01749647153820636 -0.2527227028946049 29.60624228957166 1.3318765159370063 -8.555753249184123 -7.477767055812601 -11.112813087042724 1.2326106091713747 7.188812825982953 -12.508674428375352 -6.163955823803634 12.166603014170395 -1.7040146872858504 4.945928761428659 -2.5028847278099433 3.8289663769588493
73 876 0.8719567505013056 0 0.01745796122756135 -0.38560693394125395 31.11257875053403 0.9323294469874447 -8.401783676313318 -8.064688984591992 -13.077210057266386 0.8241626596101347 6.914561434319447 -12.612953651874536 -7.848729273861342 12.768963390006801 0.38469718250540796 4.275813377301566 -3.325319586940601 6.4759378624237165
74 888 0.8745723309733016 0 0.017796124022401966 -0.5105992451140737 32.33789138386261 0.8748487706313883 -8.663192691564607 -8.75073607896045 -12.788107323310571 0.7119601709677197 9.513121396091677 -12.405015858973789 -7.224283446534216 11.733209035585729 -0.2913384904630771 3.777990476806205 -3.791446467882718 5.698968462138188
75 900 0.8693547174744036 0 0.016411933523480214 -0.41026026273975336 29.74049731439824 1.6528911112469666 -10.365473620496802 -7.632240080103061 -12.81801681691049 0.8365112541512434 8.83540428908798 -11.481526421260023 -6.171676100444383 12.12896413504169 0.16024430517899274 3.767021997162674 -3.075964924458192 4.5920468811916395
76 912 0.8361505205046323 0 0.016970134720247172 -0.2505908641235183 29.44463523522995 0.8532325775492998 -8.428435569055296 -7.30140439065577 -12.57826286046046 0.446124550907072 8.351207273780258 -11.55926217246033 -7.608921943160897 11.871880706727488 0.38454354685578673 3.9535926081614514 -2.8437678148079657 5.034327991969942
77 924 0.8072722319937231 0 0.016758441626770874 -0.34283703786067315 31.833518561694557 1.9130009178747633 -10.520912229525997 -10.127414713807894 -14.520585259596466 0.7347537611090298 10.549284602969255 -11.79509269225072 -8.42548949920728 13.020440417274253 1.4523517688663818 4.710775469123975 -3.280924306960597 4.689385278727027
78 936 0.7849830302907003 0 0.016200371407076173 -0.33310077117774456 30.22974389326851 1.7546155520421494 -10.165259956946917 -8.056718255083643 -12.140015874968471 -0.11942946751128725 9.371054708207625 -11.535447543649472 -8.078255502665531 12.473539433162975 0.696077628037993 4.194486157749383 -2.8711077048638085 4.240811810166144
79 948 0.7450345333054139 0 0.01630352065524115 -0.3793938015618206 29.85825181402341 1.3881634248566581 -9.788598557969193 -6.847178761915384 -13.36413141024616 1.4583396352919238 9.249466653466033 -11.937492371615177 -6.927598673696027 11.520426244267906 -0.340347038548365 3.741783336822235 -2.0635424876041135 4.251401147153735
80 960 0.7284636608651869 0 0.015663474395289152 -0.5445003196732274 32.257949456679846 1.240935097301575 -11.309806943449573 -6.929996918328379 -14.255486398979532 1.1576382489020012 10.436814678917024 -12.048563526205985 -7.908057380863843 11.982594927158464 -0.018614779381785795 4.347743417602672 -1.539225841906057 3.3920303243048457
81 972 0.7111156012933817 0 0.01597279683672397 -0.6059249830285838 31.933112798248946 0.7227774756368681 -10.910465704103766 -7.089252346616918 -14.034096988451491 1.7319542399225942 9.369363073872092 -12.33961373266445 -8.073851887267168 12.488526805061422 0.7648406783597858 3.3603041562520497 -1.8686870162239884 4.234368645640291
82 984 0.7278261102426641 0 0.015356662961352848 -0.5983300890458662 31.936505207091923 -0.16155467258377665 -11.176119272428382 -7.472982707215836 -12.90049531907141 1.9387317719676256 9.694462127405037 -13.210549154852147 -6.660929821374532 12.252253451903618 -0.5115076211988294 4.478093048676568 -1.998685914825276 3.944990396833473
83 996 0.7108585592919261 0 0.015754473140862514 -0.7969134901242468 33.96906905600021 -0.09727940773986171 -11.408234160697653 -8.086502894657572 -14.201707605923161 0.7143942824016107 10.432128321667541 -12.092133809308436 -8.598617814130217 13.734130106039501 0.4420102298855927 4.6073370324267096 -2.041078502353686 3.756045100015704
84 1008 0.7164276910289656 0 0.015091063496514552 -0.8062704218676577 34.577010933262756 -0.4925301003161512 -11.993671556764959 -7.918650832996393 -13.289710525174659 2.0421813839208793 10.389957649689944 -13.20912800580363 -7.742717530751631 12.773410449783746 -1.082308444063463 5.248042855162055 -1.926717451023447 3.806285956918539
85 1020 0.6759525349228148 0 0.015166056989215013 -0.7438854793111415 30.839191819391907 1.7432416865672096 -11.304808969126684 -7.061130285176247 -14.152124254973744 0.13253694699455365 9.767712205686665 -10.502777131680174 -7.774246110311984 13.864601422323314 0.616845485620708 3.738640865421993 -2.8962709176061243 3.1477532461961677
86 1032 0.6636996596218655 0 0.015070352829540841 -0.9393471882768254 29.315287367107913 0.5123441230728016 -10.884390745086723 -6.82257299607566 -12.96106489481754 0.883919336770536 10.078695544274916 -10.643285743892148 -7.7674928149353155 13.234187927855977 1.5809370233881428 2.651811340514175 -2.337944973935723 2.7401277494850844
87 1044 0.6618330673924857 0 0.01562787269525635 -1.3182140756375527 31.313859267824213 0.5902439443074603 -12.055820884767 -7.837333400678113 -12.905847065169931 1.7696476398368028 9.897468683999675 -10.903425329828911 -7.482307961658659 13.745372092092401 0.644248708281042 3.6019006909702083 -2.808150246498609 2.6708425348749203
88 1056 0.657717730604942 0 0.016096257291359585 -1.1463913323980002 34.30769016622828 0.6207176988999275 -12.26514037740923 -8.763824240776254 -14.220177703161765 2.4536669320569082 9.555922014202405 -11.75089485769648 -8.720482028100442 14.476677991912165 1.0162031128817557 4.294476754950895 -3.631818441959301 4.171841061620178
89 1068 0.6674950667235652 0 0.014429515361704545 -0.5474294764611798 33.3771743087968 0.8576812706958314 -13.355011959745303 -7.4352192261916255 -14.303066603774615 2.8378960435229503 8.95296362952732 -11.678164135381792 -6.04642826054598 13.808098914149706 -0.4558544925676131 4.207762976158051 -3.4236509454891504 3.352597179550075
90 1080 0.6698058816728122 0 0.014265505041228563 -0.7216147977044122 32.34629980334232 0.13632989546628177 -12.845561183265016 -6.573579685450992 -14.008055488233534 2.7508014075856377 8.925749867642221 -11.176744255960418 -6.549820819575595 13.566087969663716 -0.3642429838459339 3.6234631749945034 -2.671088801219347 3.2393455088629297
91 1092 0.6413105568387228 0 0.014507544898031036 -0.8124014144079741 31.76710934203955 0.05896067063487914 -12.946352408457416 -6.644974522262208 -13.876880358561252 3.227287412275449 8.752964677648794 -11.17594149684035 -6.298807673942911 12.298463469622117 -0.6673364870331937 4.541012354153768 -1.8339403268809598 2.7811610830817126
92 1104 0.6366163852428401 0 0.014488544673377946 -0.3718269676327296 31.707042204271247 0.14082311277901316 -12.176426552941647 -6.954166251300483 -14.626605979918534 3.84320363356482 8.285811994829 -11.537322240200751 -5.231983181469415 13.17097858935575 -0.5551984192734737 4.3717983181452995 -3.185585305195897 2.892879056167049
93 1116 0.6763018984793595 0 0.013968496772181455 -0.5879771114054753 32.22305432482671 -0.03787552211010431 -12.683124641130366 -6.723136260137427 -14.742233413042246 3.8452182349726085 9.267273909054724 -10.78380271666317 -5.5353318819500315 12.618478025344325 -1.0291236464962747 4.905013199142812 -3.1918468082043403 2.349925063408243
94 1128 0.7094589762398222 0 0.013888687311794965 -0.605626058594694 32.39355532704208 -0.7253666139865631 -13.430308397803405 -6.1325645141714835 -14.750856948392995 4.917672014706607 9.567899870990173 -12.121277699832744 -5.302372121300402 13.357032415627065 -2.5331071654044557 4.937383473064549 -2.7997294754125055 2.944584419944621
95 1140 0.7127956839727797 0 0.013973549266637925 -0.8587090609986132 32.205839638846726 0.7383106623287577 -14.28852384382329 -4.939221821903236 -15.63982126294345 3.8793430005291354 9.234349812847874 -9.58185573369228 -6.40878946463318 13.602602404290918 -0.35359962187696437 4.327189963293824 -4.50815651921126 2.3625989732994443
96 1152 0.7148441075215597 0 0.013790508415399359 -0.43854063267772714 32.76416708793953 -0.5256656620518627 -13.646723917320546 -5.6091761598131455 -15.1472158896533 2.9727576302598226 11.061951333082005 -11.254643624185903 -5.917402203248325 14.050187749957416 -1.8468916427522455 4.280358592135082 -3.349663130431757 2.5506656881233685
97 1164 0.7146457958432731 0 0.012962787560179262 -0.8570160135040378 30.067358866477033 0.6889835886943565 -13.507799266494736 -6.876841403525428 -14.278239871037202 4.021147325267281 10.358750926174633 -10.262618016960552 -5.088194008890179 13.922601536944452 -0.2825095214805581 2.8818252946307448 -3.29482946096888 1.3860287404166376
98 1176 0.7639303357362114 0 0.012385840268603693 -0.8879780804014965 29.534890842737234 -0.27158868658264457 -13.670441183116731 -6.920893044552373 -13.682943700325131 2.787108560333725 11.744291122342565 -9.57808974805744 -4.676403228671884 14.708059059384528 -1.5134957138422491 2.8087275278465773 -2.4598989479321682 0.4299230679969357
99 1188 0.8240449256168758 0 0.012732305979682978 -1.0088806839497606 30.08577601038741 0.8867753433005545 -15.039708929121256 -5.79033332658988 -14.578733328818645 3.0338196959999415 10.333066170967374 -10.024144825592893 -5.098010199026925 15.630694720851 -0.5219504249366296 2.9997006641625354 -2.746458022466709 0.030881846708323613
100 1200 0.8720174338606944 0 0.012101834559791993 -0.6130141314675717 30.95146283596008 -1.14997270336073 -14.695894990097646 -6.180653077739996 -15.501395597724091 4.920434040109912 12.045088203481237 -10.183977529125363 -5.030752088577354 15.008556703590632 -1.114415878944521 3.112635738545552 -2.741829415436381 0.015480514304547666
101 1212 0.8933420000642662 0 0.012006190827757054 -0.6446739230183545 29.989929643876277 -0.3830070796536213 -14.040394947341424 -6.871762855622835 -13.906740673029132 3.0316224803450593 12.099079125006911 -9.828633272327107 -4.5800081039187255 16.30195873520733 -0.7860898175101727 1.825571000348829 -4.742089721265057 1.3073562681273931
102 1224 0.9523314221688158 0 0.012098238091854875 -1.0746676283606398 33.1701645300383 0.3745268594581747 -15.890878138992901 -7.958005318255685 -14.905543052670552 2.821267972460815 13.493537746507725 -9.24869859539782 -5.296064292267736 17.450690813303517 -0.9392468880753824 1.9310353389103299 -5.594925211902757 1.2409000669775072
103 1236 0.994789839608228 0 0.011162807556499444 -1.1760751166965497 28.511279195816044 -0.814083643533849 -14.64022166906562 -6.1379698586068905 -13.611299670363486 3.1536160224667116 13.438518387627806 -8.617112191549872 -2.3592694425864122 14.464214179591405 -1.5503819741800615 2.4671561492643588 -4.391922684559849 -1.141803586896578
104 1248 1.0217171029099092 0 0.011431952890088772 -0.8574987787957756 30.86248450654534 -1.0511229192427511 -14.67806783025274 -5.711474351091373 -14.420680533042063 1.7543102466733616 13.295405024853785 -9.077087838255819 -3.8922652296858407 15.558293270278728 -2.571718445043232 2.7751127672327587 -4.516329395183293 1.027678468430242
105 1260 1.0770799200428438 0 0.010927372773124472 -0.5432105536474277 26.388436244046616 -0.08949439190723796 -14.276963377090953 -4.865610770901829 -13.879634061771663 1.314344728626319 13.010567499563399 -8.678913341094763 -0.594015973759142 14.699878346204597 -2.71056034576229 1.783966171116507 -4.852313564884864 0.45786948522772836
106 1272 1.1273064298817124 0 0.010431056998898552 -1.0631480108960336 28.68044947524386 -1.1797947079307607 -13.826386579346565 -8.07880992893572 -10.887117783927316 -0.4341286979177079 14.537547121495589 -7.7938657749912865 -3.4573256787617233 16.682976985391498 -2.946201301300557 3.1107056771699555 -4.589146241411881 -1.2422868606783135
107 1284 1.1438262790203753 0 0.010330821233240995 -1.1171463996378141 29.516338240033015 -1.7283354202270997 -13.637907969038856 -8.158082578295911 -13.441555870560409 2.8091627488714073 13.153108006631264 -9.563314488978508 -1.9839698096782488 17.768642047256588 -4.0034283260121715 4.473688409202549 -5.012511837689213 -1.518785239323186
108 1296 1.1102661983602362 0 0.010126559968401273 -0.8129188153873819 27.972715296619125 -1.2487080047235457 -13.99818038928403 -7.621918741536172 -12.32904362067325 3.1189286639502396 12.807713016981241 -10.058194635730535 -1.124920168031137 17.400606982283303 -3.170142778550006 2.9598958089646175 -6.422331380111389 -0.18807935635586304
109 1308 1.079711044084644 0 0.010820594433070454 -0.6549041750306597 28.983274926786866 -2.427978258860229 -15.700537797127271 -8.223791725164276 -12.187044767033601 3.906265108887218 15.000590081795757 -9.50305164693457 -2.0746847511711644 17.295895049569207 -5.3917068002780315 4.126137961062344 -4.290503571419981 -1.4456415167155825
110 1320 1.0541829389131383 0 0.012508511415883713 -0.8375833317015545 29.754445843489997 -1.0263680417380783 -13.844070611994914 -6.960629475933717 -13.42889041590895 0.9798163290970732 12.384133156827865 -8.766543131780987 -2.5892724376126712 17.103896928758004 -1.6984270756325244 2.7136238842605374 -5.057104901417754 -0.998559986615414
111 1332 1.0589754496418007 0 0.01059626652958343 -0.5539775676523816 26.485937773046047 -2.689404590054064 -12.932033224035756 -6.217175811148103 -12.634486072024428 1.09434650876739 15.122200264120815 -7.597437557095385 -1.4096899062509638 17.958171889852593 -3.953765727701338 2.774542737162934 -6.81958678340327 -1.811169698938599
112 1344 1.0687877087141506 0 0.010810993411578559 -0.6449184130599893 29.047954305179132 -2.8812843589930393 -14.525027303013474 -6.2638590650629835 -12.547058111611435 3.7011391288701727 14.465917341487371 -10.271901531751121 -1.8068527141503405 19.838380602293533 -4.31814221744632 2.7488499314893566 -7.1604145353254385 -1.5759138765841911
113 1356 1.0633353726182215 0 0.009907809681901594 -0.820134002713499 29.08047856953953 -3.1776590308766592 -15.93844566048241 -5.103375219509466 -14.139049748866851 5.642434952290738 14.359907862630747 -9.654546883612054 -0.14507897034104733 17.15646197241849 -5.536880886362775 3.581824012294515 -5.145413574870631 -2.7487503235940824
114 1368 1.146668570806002 0 0.009420256913942786 -1.1013128679283377 29.226388251726785 -4.697558587941221 -15.931668955646677 -5.655343223083398 -13.847818764112356 6.800573188275911 13.848691507069969 -8.69958798209923 2.5505294418136777 15.180632259658362 -5.659020329499039 4.568871950922864 -7.713736247385962 -1.8281896097944896
115 1380 1.2052261530219956 0 0.009130553566915754 -1.171100182251413 29.253833254771344 -5.399933398031682 -16.222165879498498 -5.633819225190248 -13.912914487508683 6.408002688013525 14.299399217927123 -7.8467796122702635 1.6255431059447192 16.4920181079791 -4.828545568149846 4.108983295318453 -8.053935087497768 -2.5105828083158213
116 1392 1.19705295296192 0 0.009212293743500131 -0.9033707140134132 25.101725204163667 -3.456394356971862 -13.470940833912136 -5.136887543917211 -14.08498819995718 4.805246046282465 12.310561837800629 -5.130261061722184 -0.6358656555499436 16.571753724002175 -3.234056644978023 3.803797288625818 -7.694766791167179 -3.009439531070343
117 1404 1.2205629761343122 0 0.00944705299717544 -0.8333388812368071 26.33165952305824 -4.001284196126859 -14.861468662559753 -6.895905672579705 -11.906495210645403 5.170101847030554 12.383352559430989 -6.64516308869269 2.048878890004067 15.094129651316093 -2.9899416193335835 3.7839027053810326 -7.835425087524358 -2.8056488016101717
118 1416 1.1787674217038209 0 0.009621046302588492 -1.3317082084001362 34.72276093341716 -6.483302669872883 -17.20583701520873 -6.774357267757154 -14.032944087553 6.496222999761807 14.312901360410427 -9.729401878408135 -0.46412118866397356 17.68187429156934 -6.4489933515974815 5.253094373738326 -7.102188339273076 -0.6365401287199961
119 1428 1.1225088605124016 0 0.009826333096209826 -1.1921111893657972 33.89343956106467 -4.7458177402548225 -16.44094251749225 -6.827120424445208 -14.996564823505478 5.7975364968040255 13.915047622296203 -10.28179538677293 0.16808883686458476 18.11008097650304 -4.83874328300438 4.61430064959914 -7.069258150183504 -1.523458112211974
120 1440 1.1452617315057363 0 0.009739169608594361 -1.3698077919257892 32.27142846937972 -4.885682272769802 -18.632658148995862 -5.137518876303307 -14.312892044831273 8.629689828303636 10.945917834281722 -9.023052303703942 0.26135049598410387 15.520943510308445 -2.812901955984217 5.79035727922933 -7.372949007755707 -2.6284129151985707
121 1452 1.1735064140167666 0 0.009670676969358602 -1.055218893349027 31.425867241710737 -5.154256679701944 -16.320906674490676 -5.513594424861961 -14.949969354010946 7.342991933995302 13.101780563556925 -8.759015714474057 2.703341751571471 13.04743157742156 -4.737283319521305 7.471173770759199 -7.2401379202767435 -3.7788138117056684
122 1464 1.1944425278323647 0 0.00937075254996585 -1.1082346097495464 31.175639573362577 -6.074144547662728 -15.562500886142958 -6.714253498541061 -12.26631321265401 5.991334778236753 13.457023942190805 -8.637329719097036 0.974716223353927 12.689136588636847 -4.363895652107776 6.961611187545083 -6.00704624776449 -3.2652238780957954
123 1476 1.201608612697836 0 0.010232711053317427 -1.321189157669395 31.945392253328798 -6.952191096380419 -16.032788503329684 -5.773629308248146 -13.791835610812347 9.968511477146265 11.55987871039323 -8.508102821433564 2.621322873066932 12.993988012202415 -5.731138906872966 7.07442055211719 -8.265009470527724 -2.4729064951423525
124 1488 1.2107131536970857 0 0.010495400946428812 -1.2700863728061307 30.905133841835223 -7.35315770359713 -16.458971063225942 -6.886269834805929 -15.098072486537943 9.736883994850913 15.083550479242614 -8.49988325745489 1.8701920070879974 14.572753169641748 -4.847479489493141 6.288095889721887 -7.257465490738576 -3.868516609262474
125 1500 1.3045245736890694 0 0.009629624713818091 -1.2666467907032615 31.188278536355888 -5.78339763236273 -15.709883274106335 -5.394639751795508 -17.445021052221627 10.751305352738639 13.395985645149274 -7.618799826827663 -0.5032368965370886 13.913388888301775 -3.960387818746303 6.755163542565052 -9.260343691512317 -1.7923779825517627
126 1512 1.2524769992667433 0 0.009824585697687164 -1.1446745690035103 34.981687703062164 -7.039426128488248 -17.791842570646608 -7.296119046203906 -15.623270771465867 9.768982632162821 12.972496358741733 -9.861943697230222 2.6541324987926247 15.058693401433617 -4.9430635424678115 8.6002762466033 -8.557876539556192 -3.407250649772098
127 1524 1.2048734673686936 0 0.009953601392597539 -1.4807638186128063 30.030154522901366 -6.342773092266611 -15.922578855209817 -7.019745648861308 -13.345558186955918 8.858641497393124 14.311180956732532 -8.053669769796006 0.7617909621529757 12.231007871910107 -4.550190782098573 7.0396714570282 -6.203033760224947 -3.7986696275402863
128 1536 1.1708260860093958 0 0.009674410290092028 -0.9434937546402311 35.027654273962085 -6.6517524233833685 -17.16384299233648 -8.528404397221223 -15.622556559291732 11.403623742996695 12.376524067398792 -9.618106286752852 2.952715364885273 16.40263180389976 -7.24907612434791 7.170392441195751 -8.224561018147659 -2.651741179143229
129 1548 1.1629500302170261 0 0.009583673424522973 -0.9553246701064614 32.20095356614468 -6.947833224238222 -15.62049551367233 -5.355189901188281 -16.395909911038718 12.249982257096644 10.24451321563107 -8.912060328682738 2.5263690315637586 12.777986817507543 -7.274342661294929 7.9898007842367615 -5.976993660262872 -2.807237298058964
130 1560 1.1530959326597223 0 0.009522755480885117 -1.0966505462857286 30.283752401633908 -6.738565500802477 -15.899803876123784 -4.430835545415098 -15.522551967362913 10.149976914004498 12.672115487092984 -9.626421527631425 3.5373035392879557 13.28856762977946 -7.963817342128277 6.968550949228417 -6.1733058788098045 -2.6323098311740534
131 1572 1.1358220857520418 0 0.009272291886631324 -1.1414845717085564 28.36097513676099 -5.943428806305484 -14.85101226840779 -6.342061427881019 -14.258494627639676 8.147302902259849 12.962882777695155 -7.23277681020224 4.382879379247704 11.276165056360494 -4.805011222389716 5.870243615161407 -6.453405422943343 -3.734209391790793
132 1584 1.1581882171907427 0 0.00942384046559996 -0.8394552206274216 29.721912187072125 -4.7307004623137185 -15.707148585832329 -7.331307094296616 -12.409961760989317 8.157558660260982 10.488983203066375 -8.16431742457638 4.1542241848694 12.150893647110344 -5.3576678081279265 5.4595093130849595 -7.762851452473744 -0.6565581269661371
133 1596 1.18947860469563 0 0.009719529001123304 -0.9370841508745922 33.08300728984756 -6.209771057586712 -15.237161584762054 -8.427729553873275 -14.794741532779815 9.394044784078286 13.514361058343825 -8.856345557532599 2.850427860613114 14.256807607738809 -6.988088698884985 4.614370593287948 -7.6430442658660205 -0.41247625749870487
134 1608 1.2081659507525122 0 0.010175761655806356 -0.9146136683232843 30.218268102915278 -4.979864934136362 -14.99109326912406 -7.022173907898539 -13.546605710994617 6.753469143067868 14.087748526554837 -7.141330485869676 2.001177563332309 10.327537044121 -6.496810633517518 4.897016896071136 -4.697825215788161 -0.83062284714951
135 1620 1.2647266603197331 0 0.009328749799785187 -1.0768124876059344 29.038137114990775 -4.675430183480674 -16.076700497845138 -7.707789842809278 -11.03215162057845 5.341540290051629 14.836393718847285 -5.668638314561649 0.6162599272202733 11.896446519318374 -4.5465921200150206 3.062787543233412 -5.928260408506029 -1.2081380788127118
136 1632 1.2612000200185882 0 0.00960952776840042 -1.5113385481119614 31.307586288825362 -4.38407360368458 -16.816595749499886 -8.716631184278643 -12.190839402739266 5.089348465438043 15.7358606950881 -8.082234130302977 2.171623180906752 15.74305970378617 -6.638362834103008 3.025747183747378 -6.691711581675589 -0.9342605344713627
137 1644 1.249912636197783 0 0.00917528645837026 -1.084601473186116 30.256072447017857 -4.752723561216963 -16.01621657711457 -9.567844813210735 -11.72403496599421 5.040837787038529 15.104403806503125 -6.54900298053715 3.2493640914834874 16.398228771503298 -6.246708937383527 3.1192141902935853 -8.426321720741159 -1.8172792641262738
138 1656 1.1752189916081395 0 0.009318168350606493 -1.188162872343577 30.188131484270674 -2.900773323351997 -16.002806813792105 -9.70116905037854 -13.1130199915679 5.063901226191595 15.224112125584865 -8.139544796780953 0.25283164406102876 16.831823863635144 -4.056788186841349 2.4381056700615633 -6.082841716151577 -1.7729604712320322
139 1668 1.1586023836187642 0 0.009161014894065645 -1.3006689434093945 32.01950301474236 -4.709192207548156 -16.8737155822878 -9.42176908451247 -12.825951192564371 5.955844782663499 16.54170767680721 -9.035441543250998 0.2358496006778974 15.977402187388817 -4.313520069894466 3.7103660718120657 -5.650335881847598 -2.9792890572019384
140 1680 1.0939221356702866 0 0.009550181816231029 -1.109712324522073 32.34062263825385 -5.422514375427405 -15.599313195656576 -9.175306705764845 -13.491685420144002 4.280379105365588 16.210822145085505 -8.389225454023707 1.1869504091192398 18.175925363636505 -5.360118008499793 3.150606129811362 -6.888687791010026 -2.1085705321502854
141 1692 1.0331473781996257 0 0.009043448860861978 -1.1245205622285632 31.970979266311428 -3.1319821063558226 -16.740480619357218 -10.43219319804834 -13.298650662312218 3.9940420214263748 17.473841041661643 -7.77815665412062 -0.388580972723103 16.977350216573953 -2.5660917465305495 1.0517926978007164 -7.371529696847431 -0.8288082087433694
142 1704 0.9865242318858733 0 0.009292528515206708 -1.1198067613736635 34.28225524723483 -4.799606993874506 -16.21627571997036 -10.785474989751727 -14.87538728996351 5.494786980061573 17.173530742218606 -8.801856186525692 0.1655890891184805 16.633390913425284 -3.2210947056522814 3.233944774501187 -8.182223635579646 -0.7751340848946465
143 1716 0.9393606509301541 0 0.009209471211864622 -1.232490179932522 31.031261766431896 -4.780432317490076 -16.427514734507923 -9.423604686600653 -14.194577936257192 7.45557654840976 16.28030601628043 -6.639665652195903 1.1816709356028559 15.35875126231591 -5.455374473709933 2.623445098054156 -6.173385705667881 -2.586148410277768
144 1728 0.9020106856258968 0 0.009081126623889515 -1.210853795084116 30.224282373829766 -3.834349748738155 -15.245344084045962 -9.011120001776096 -15.186245049327848 6.483495252570863 16.607372097200102 -7.7312994701651006 1.1123485878387194 14.043307407584487 -3.7348088739169736 2.717627239092192 -6.575213078331393 -1.4985619777403367
145 1740 0.845004643159591 0 0.009072623170420586 -1.2274022433923826 29.255170104798115 -3.4372386249846607 -15.892218121014116 -9.085543004185938 -14.00693635392187 6.879741525200907 16.910986722339384 -7.8787036383098314 0.6340487597717404 14.813937743279066 -2.999225013207461 1.8649410280102021 -6.780412752128807 -2.169609607916283
146 1752 0.8126267227172493 0 0.009181920997640465 -0.9777267084631862 31.71911230183404 -3.1004821646927745 -16.07555242179797 -10.421744049286037 -14.20691924299083 5.889929789916868 16.421389801516902 -7.757738325864371 0.8939986231255763 14.082818072716394 -2.763343377622205 3.902992500183571 -7.6025192514666555 -1.9836397692888872
147 1764 0.769529416694267 0 0.009038822569874358 -1.102790924861762 31.285102012909697 -3.782873391416754 -17.13507473091715 -9.756165333424667 -12.808178459349278 6.3022248262363485 17.208124356689723 -8.553229549768965 0.8811358523111795 14.739864563387917 -4.53634960803447 3.1341186651799933 -6.84694770185564 -1.4942304055430844
148 1776 0.7307776635988417 0 0.009130314918527813 -0.9173386354367166 31.99856681092284 -3.1434655879334836 -17.300510102616837 -9.860541058044067 -13.915071306651953 5.239270652496134 17.711151874810827 -7.851423297166607 -0.5608234220951206 16.242688978403816 -3.3706272086743123 2.450298318428237 -6.346334603399208 -2.398152023471241
149 1788 0.6790459268542911 0 0.00891564469639328 -1.1385337753701006 31.770491837469894 -2.965427275393194 -17.30735730812152 -10.495020885544763 -14.123614625210323 6.391675120247302 17.440605897387925 -7.706195038911582 -0.45428285106136945 15.300500455708935 -2.836142169320264 2.721984365202941 -6.5474719561592805 -2.3716612876019196
150 1800 0.7138508896203833 0 0.00913935738660426 -1.0881712596056825 30.75029058026754 -3.8500179522078035 -18.39367728112041 -8.963986481174986 -13.324760907742753 7.233335744579323 15.990608446223984 -6.68141192514902 1.6784043047497033 13.619734897941088 -3.5462174303323315 3.299715826580113 -6.012459377441811 -3.5730481648724592
151 1812 0.7257268491796147 0 0.008949568109857595 -1.1692252758363144 32.95487705914153 -3.770186149204138 -18.62271157832724 -9.693581767195855 -13.703577117997796 4.849905875805065 18.382809149439556 -6.614641177079807 -1.0832349085523494 15.929704571540773 -3.0819652287629484 2.755313816108399 -6.530305405670082 -2.8315986770293557
152 1824 0.7438247795943953 0 0.00892801457228146 -1.1457244011149215 32.522314742985635 -3.357723934115527 -19.63765281432047 -10.135288852927365 -12.853017164635432 4.918976013210719 19.257875981296223 -7.363726227027079 0.3665353447378196 16.654229364036734 -3.1875552268024068 2.3209492799965803 -6.945913279803987 -3.7822808773377585
153 1836 0.7230788157118418 0 0.008929907538487342 -1.2520085446332343 32.60037543548065 -3.038119531117761 -18.084577309463885 -10.272454385636754 -13.683213200073398 4.168208342299781 18.233298677273037 -6.982322151287108 -0.9088950637157992 17.028701262392648 -2.8571733122546523 2.1796487008153984 -6.210279893331404 -3.120983410111264
154 1848 0.7457042839265953 0 0.009066026442022895 -1.0536029485795466 32.97810618199069 -2.332006714701873 -19.08974611404323 -10.109991873190943 -14.072159778116731 4.085309632600594 19.110187499106335 -7.216229037411974 -1.3384823902316068 16.655594184800417 -2.592247602693919 2.7229749892909383 -5.742586138716297 -3.781928466636958
155 1860 0.7344058763472932 0 0.008888721045917428 -1.1669804334620777 31.481818931107714 -3.0424667064531214 -17.99348999643655 -9.538323563051723 -13.986401897371552 4.47428228436489 19.205356101317722 -7.176636478177869 -1.0255885888632934 16.94391643429221 -3.9722542248899204 2.955835168854252 -5.852111338230971 -3.7799424484254063
156 1872 0.7092159459998816 0 0.009009759698457754 -1.2892532869907112 35.14861014676825 -3.0302174948867355 -19.86491596185613 -10.467738636060698 -14.046875793914024 4.543997763546998 18.349942108947808 -7.517125464837701 -1.503386530274222 18.149316104551893 -4.122702273388442 3.7271567801882037 -7.371594970532646 -2.2132279731999067
157 1884 0.6909647292052238 0 0.00895784870193658 -1.283292208371243 33.624964367904745 -3.3791855952819647 -18.75342575496337 -9.996431715771706 -14.525935708472668 4.420570706976476 18.823238864376723 -7.260187488396548 -0.7695458856723628 17.60462801731832 -3.689841017153557 2.9061375557620104 -7.901986098768843 -1.8793657606757268
158 1896 0.6634899960075351 0 0.008886557710410123 -1.2187101169108296 32.045686097829936 -2.656974673434927 -20.25608319814703 -10.129370072171033 -12.947030581633834 4.83690653101439 18.271025835191633 -5.951373315720941 1.1201544294666435 15.524676861504066 -2.9935092605779694 2.831624494439638 -7.398528594030565 -3.6937274042852404
159 1908 0.6527818732280068 0 0.008847221983951352 -1.1082682380553992 32.04875476828445 -2.4434119628506443 -18.970736667732293 -9.946346851700184 -13.724897775713188 3.7010523510301754 19.116767565677844 -6.743523308039343 -0.14502079242782828 16.557785618576705 -2.7120381257971586 2.3366080034126044 -7.955314585425757 -2.3504791472218987
160 1920 0.6596125963080577 0 0.008851412959229265 -1.1997272564906063 31.69797630082769 -1.6094347385782277 -20.07307228015707 -9.706588766879614 -13.294088924931629 2.2282881843614373 19.445069690899437 -5.944773750661465 -0.8244727253825613 17.16890971149024 -1.5135131903071373 2.1099253875868618 -7.897246091641716 -3.16958721470897
161 1932 0.6634473794177398 0 0.008800828836794292 -1.2251225374489052 31.95316573921282 -2.166239677355672 -20.516915026403957 -9.175996085217239 -13.574025382412522 3.769731876043806 18.47953236368032 -5.0777764044431875 0.1396870400301624 16.260713191808456 -2.3409042225674295 2.259550805033498 -8.306733276940895 -3.0090206840381226
162 1944 0.6755641310563397 0 0.008837278120643848 -1.291759736892994 33.16000565659304 -1.4151975541857107 -22.038418040796692 -9.77400421039189 -13.227589567124578 3.558494968627386 18.486742209144687 -6.426400018037335 -0.45218602305223765 18.768946328550726 -2.0882685677803803 1.760657522338534 -8.235631512605279 -3.003519296810197
163 1956 0.6431882190867595 0 0.008787053782976366 -1.0778813528504527 32.13859909633207 -0.9082043656615432 -20.001287893956462 -10.958238356118486 -12.546072864789243 2.490818431594138 19.09077249539836 -6.793844901689979 -0.35798255178531874 18.208122470623064 -2.02929823025042 1.5969330486993112 -7.8444493943911215 -3.0166538883229683
164 1968 0.629809451351088 0 0.008826651198274197 -0.9612793319758273 31.23977328501057 -1.017374062639314 -19.717469978526886 -10.887880907900469 -11.68005744636365 2.004455724048068 18.917907518424496 -6.495450627214322 -0.3037021622019158 18.012367935896663 -1.1184015458348786 0.7648394796971081 -8.106787998988462 -2.9305381162039623
165 1980 0.634536458344616 0 0.008814956231907482 -1.1467817288670552 31.939425284088493 -0.637565471136411 -20.426420362645224 -10.730196786319897 -12.160158231171799 1.657603891202124 19.885401014306133 -6.604783564175749 -0.45564253232418733 18.80763563297427 -1.5504903213247836 0.12593790266782445 -8.355452212804199 -2.4115161811122228
166 1992 0.644705779719059 0 0.008692831171564693 -1.0221781157251828 29.90745431561144 0.48647761052987615 -20.639411126476258 -10.655156224790876 -11.46251160790897 1.8685855465205554 19.520462580363976 -6.115333720811 -0.8247875090046531 18.551291257716613 -0.37417146975311266 -0.7891636943180649 -7.642079544776123 -3.3752793998120496
167 2004 0.6752823733695639 0 0.008752048495978113 -1.0846886918309888 31.865535739187003 0.2689269287007647 -20.213879718568975 -12.206386475078103 -11.284773920545494 -0.668935130810111 20.25920201444838 -5.813164967180579 -0.5167180398998596 19.89682134320748 0.2848462834905594 -1.0972813140037154 -9.331086506953662 -2.3136106073713316
168 2016 0.7064903576518897 0 0.008671635945279473 -1.1594631004077656 30.560511060734388 0.7538212173230804 -19.913997979458465 -11.76644045585783 -12.893963798868105 0.2581850559989516 20.564565913252142 -5.595461225302154 -0.1491389578682102 19.591092147087377 0.25764200932592773 -0.7491700263085244 -9.750708161597055 -2.4591226670258592
169 2028 0.6991060567034771 0 0.008697390454861365 -1.0393214648412328 30.997172684443868 0.21728666934898658 -21.133366203019396 -10.866136206227521 -11.716330040060242 1.6615136085976459 19.975352319331176 -6.346236502880887 -0.8283967403399237 19.4144817768746 -0.09961515829460776 -0.8795433399282091 -9.252884420586712 -2.419360124175876
170 2040 0.6769160395321207 0 0.008714543003902765 -1.1890591072080532 33.279036363588936 -0.2905192847652217 -20.969802744138747 -12.280044081193388 -12.158955225476761 -0.057214411281101274 19.900615942491324 -5.4675661063392 -0.7187932285232822 20.306220883523352 0.04924620096437177 0.22433539816100562 -9.601347097967922 -2.867469334788953
171 2052 0.6448502554558414 0 0.008639132339763824 -1.1646809263734406 32.48127571250243 0.016266817156861 -21.571553699299663 -12.558665904477458 -11.952203282629602 1.2047084257268394 20.675139010885715 -6.081917081801363 0.2770567525910618 20.270342213528675 -1.0213000758981328 0.2867145269795408 -10.073002577196746 -2.9199426627177285
172 2064 0.6218415172998824 0 0.00858514965028448 -1.237043537254621 31.3700963187588 0.8551397026002916 -21.38677535793983 -12.365595047131286 -11.86604730480568 -0.16476308429382702 21.468477742368613 -5.5284305052738105 -1.0307763054913766 20.480511784853636 0.40876956768429956 -0.8621947131724277 -9.271481480784493 -3.3420971285874606
173 2076 0.5850394703420916 0 0.008674597008415472 -1.2127396765185745 31.00959972845331 0.08947825113603336 -20.454971655525767 -12.220390757761134 -11.29812904708007 -0.7794677682698772 20.31969347912037 -4.740446660311489 -0.4838597890577188 21.240972482597407 0.06868258778328507 -0.48974770732574313 -9.648232083546146 -3.991887690563715
174 2088 0.5745685252026126 0 0.008602521131755003 -1.2643819817730533 31.506484046608946 0.38820302892527686 -20.343099836186127 -12.682720891668122 -11.86422602348254 -0.837645131464566 21.307589080534505 -5.242971331633681 -0.9464929806997084 20.415410453500126 0.9842263757984284 -0.5285310103691313 -10.15690063409856 -3.1694082676542923
175 2100 0.5625956416463683 0 0.00861964240349105 -1.2142446754297074 31.807366304367502 0.861719186437018 -20.893612985039262 -12.504171979875736 -11.8480908792709 -0.9931555100456848 21.188403485967495 -5.025165370075885 -0.6947738193387184 20.721118525856518 0.41959154007454247 -0.7558924806107996 -9.836174388757671 -3.3573097276348003
176 2112 0.5460836650444572 0 0.00854516591667663 -1.300639517075103 33.554003615796454 0.9897978723964366 -21.755648023988265 -14.09184845951928 -12.660938293924199 -0.632317667451689 21.597557807760488 -4.967023902698499 -0.5906896257874322 21.699167025932 1.5382823508890453 -1.0981105902648698 -11.247744723321057 -2.9029244050770213
177 2124 0.5234749622514199 0 0.008521899969969961 -1.1281560735240226 29.749687086165245 2.412635016858349 -21.104179453538197 -12.474800972520647 -11.385322911247084 -1.1636420351657506 21.45965539652675 -4.7061869996340295 -0.577977037451453 19.67642233500752 1.474685203593603 -1.8305838225442952 -10.023841286919371 -2.9320844624665297
178 2136 0.48848744598183536 0 0.008570738588957263 -1.1394937920290935 32.52071235593135 0.985372178069402 -21.98808049656026 -12.920105264361782 -12.076542783040798 0.007308061798140031 21.23136899049586 -5.376893164881837 -0.2643286857479471 21.440405311609283 0.5081351237675539 -1.4574947162076966 -10.679943394617803 -2.7468396890117397
179 2148 0.49283861870750567 0 0.008481948241646293 -1.092714572217061 31.660705366923754 2.0929086340122485 -21.464471018413366 -13.39758616974257 -11.734007248762335 -1.496472600517 21.343158965737604 -4.999390491401392 -1.3189283970924794 22.262804214751533 1.6584789130622424 -2.2485640781282585 -11.227730221859126 -2.1161799097104184
180 2160 0.4818047664588488 0 0.008473111411051115 -1.1060107515991757 31.959106980074907 1.9276444128238122 -21.09082187645043 -13.826879191733381 -11.905134954917292 -1.2235134656432285 21.057657778617887 -5.055831709748621 -0.9113279680932185 21.583733931704558 1.6401774489020475 -1.4458985215874622 -10.383126318838933 -3.1579759042707463
181 2172 0.4827049655148492 0 0.008506605360356991 -1.184449069211892 30.949361802326475 2.6943938613322245 -21.21924102192509 -14.068007912172892 -11.557382258161994 -2.1063046345229726 22.168850757250823 -4.6306815673464605 -0.6509911212776038 21.201075543075103 2.1032704093361927 -2.941889267473691 -10.021983819540973 -3.075313230915121
182 2184 0.4951509486282098 0 0.008436359603222695 -1.0730878922648242 31.74049406361342 2.567140601924051 -22.006319343435166 -13.60510274729513 -12.479536922701252 -0.591174609017614 21.747915062401155 -5.451807198549488 -0.6327482345308968 21.915785404031375 1.21507135225544 -2.6791406889752922 -10.679105544123152 -2.0053999465034416
183 2196 0.5295991661127386 0 0.008363795431120816 -1.0658317029085187 31.465255874183956 3.7396484208513443 -21.951099242860444 -15.384026133233512 -10.534222306356668 -3.5163948360567208 22.319378511124963 -4.895307511980433 -0.6560431480964364 23.829839619577463 3.0797698199068266 -4.349800713436705 -11.465363951191554 -2.5171238856519578
184 2208 0.5515815216075434 0 0.008426465247503963 -1.0759715067320144 31.34566439645436 2.8355951283372263 -21.237968528657028 -14.153167234305164 -11.530970408984627 -1.4061354317596875 21.655431342369532 -6.314664177689818 -0.9055222269386807 22.56870779844745 1.6820657494368167 -3.3376023296352963 -10.381086957259141 -1.7618088422612082
185 2220 0.6146275331454766 0 0.008289099724878152 -1.0044055835294305 28.711722614098935 4.276415460345541 -20.932498938056845 -13.98523344965882 -12.10664356580341 -1.2771034762200735 22.18143047236291 -5.502462590403285 -0.6288142650831333 22.284225929376632 1.5149140725571208 -3.863833611940528 -10.485058234934105 -1.8139406264890958
186 2232 0.6648934745569862 0 0.008225360965874711 -0.9115972013731188 27.40853306168855 5.366741796563566 -20.341450223780235 -14.269733052085567 -12.000461033918965 -3.4290305287644323 22.86887151040911 -4.595966348461852 -0.6430044880238437 22.386603792616818 3.2600726436374083 -5.392256901371711 -10.526899630140257 -2.0843482421726134
187 2244 0.7186709339494436 0 0.008199455167367767 -1.0146038456902806 28.028893699835546 5.994211982951878 -20.951968827039956 -14.539150986698893 -12.393558550394689 -3.8219159722001272 23.19302658438797 -4.024300990356643 -1.1045928706120738 22.319400717166136 3.847743502323569 -4.825466545417168 -10.38062152742591 -3.00211019074706
188 2256 0.7483482726141447 0 0.0081942732568233 -1.0014652059758584 28.58447395374818 5.999069328277999 -21.243780636312305 -14.978084646993269 -11.331652894035981 -4.368605236007021 23.350905566475042 -4.968361725751262 -0.5708290939748646 21.44000736215891 4.845637052840192 -5.362166518094489 -10.476291461482443 -2.383146128407845
189 2268 0.7838742883952373 0 0.008285520473791476 -0.9470488628188949 28.7308784591957 7.455828896883823 -21.586907749572852 -17.018574698920226 -10.651890688453156 -5.167372394119843 23.6522949371979 -4.987628128440387 -1.0784849677481043 23.215852276783984 5.175731733663926 -5.38963726630123 -12.105452499913264 -1.4562283658245043
190 2280 0.7948506779713425 0 0.008141748404659824 -0.9320185594290801 26.96602402218899 7.873333977534821 -20.814294219798455 -14.557201990066973 -12.251064824318487 -6.2778454884117965 23.830468464879612 -3.968224446717401 -1.6645554264020865 23.076010115644177 5.782809427760745 -6.958334194763696 -11.310120701586696 -1.4396622665304264
191 2292 0.7883355031805976 0 0.008130425294070343 -0.8279299108796283 26.30341175496008 7.654927501561871 -20.133886323707305 -14.880996299099245 -11.406084302862116 -6.5262753381895475 23.908546407073317 -3.3045912044416195 -2.2506038243009314 21.453316954756108 5.857783337471107 -6.282444574590814 -10.366304949712756 -1.9877777845380389
192 2304 0.8210998503263263 0 0.007910225134836888 -0.7411730911825136 23.783902558715624 10.407980120154086 -19.617301860552896 -16.896883320540187 -9.953934392424925 -8.890897412153077 25.192444498739313 -3.5539771634775104 -1.7153760773342097 22.27182148089566 8.141919001438227 -8.91116601947283 -10.603294562403196 -2.0424125642299646
193 2316 0.8622887829306732 0 0.00789810447986419 -0.7244754401584762 22.344714001239506 10.525319114715874 -19.710936977971716 -15.070566631435124 -9.864747428058147 -7.49782855609755 23.55180826537909 -3.9149588599918674 -3.0024099572799505 22.751730794986603 7.16956246778688 -8.55480663449109 -9.373036628391423 -2.1334256419070505
194 2328 0.8922196168515663 0 0.008057324408366599 -0.6162331105918994 22.441430938040533 8.532324532944338 -19.28021958416836 -14.291207591857205 -11.128261618805288 -5.019978722039751 23.212811812493698 -4.197168861338793 -1.178652384231004 21.094953881232055 5.495587201015182 -6.752460637052232 -8.45364657500154 -3.6144503503586223
195 2340 0.9331441505415436 0 0.007702761359389325 -0.5903189617609763 19.833089179963586 10.522535502276623 -17.95107762258085 -14.628254299033042 -11.916638719915964 -5.9441784762947805 24.079655774518052 -4.123699099859888 -1.6800858370106453 22.545310598504102 6.165455738422146 -9.17874769078692 -8.918522790156706 -2.4456445487292524
196 2352 0.9723840069443961 0 0.007740579228592072 -0.5832913150454304 20.362343930785077 11.888781054315672 -19.083510366349177 -14.888334813104091 -11.343628294286644 -8.600297528406653 25.54713498774426 -3.803957385720809 -2.5621546579095327 21.507372527423193 7.82392842315389 -7.949939984725624 -9.037061664906876 -3.2220178563423536
197 2364 0.9611085769037598 0 0.007724007884774099 -0.5509514212629926 19.066478157421297 13.579888685708472 -18.298783540753018 -17.36981483288829 -9.966531186935757 -10.748048533726907 26.157712421005925 -3.229531186746029 -3.7383511344689584 24.373434009394593 10.273430036433197 -12.31990242277913 -9.75802834041544 -1.6109731089047084
198 2376 0.9313604062694586 0 0.007812620321368695 -0.6663229698137091 20.761801935933597 12.497453765769745 -18.903937861332807 -16.449117815154207 -10.782299712142951 -9.499806351627749 26.744942613260193 -3.990515577239442 -4.726160837552315 23.849207632420118 8.95687503679408 -11.49628338539132 -7.909933250629218 -2.1624465076633963
199 2388 0.9196400124988251 0 0.007590667985887189 -0.6260851851881251 20.025653873737372 13.546354401335657 -20.116724381819242 -17.439626809457156 -9.148605553812292 -10.250790313814152 26.207807618981395 -3.844466497229326 -2.956492362376537 25.19449423739627 10.448673239471752 -11.03558604130657 -9.901849020243285 -4.063662299823547
200 2400 0.938833185063657 0 0.007598585070857189 -0.4789076026890122 18.470423802188368 15.17061432029489 -20.65186316310876 -17.242566579696636 -10.50149350482506 -10.210057665650211 28.07326866337861 -3.300178289894454 -3.038315578833942 25.0129647061164 10.252853276710841 -13.173323152457998 -10.907317314086853 -1.778196796173003
201 2412 0.9417244199728495 0 0.007647570059422563 -0.4725731193855519 20.068873144979808 15.974721984986482 -22.022892213014924 -17.19152727247171 -10.153975401180874 -11.167784571906441 27.174067560943868 -3.2633292347507217 -3.9253828025741244 24.817148575689714 12.183106650264818 -11.958715975190554 -10.786872891340563 -2.862325378956991
202 2424 0.9370948937156778 0 0.007324390490222049 -0.4985787144945137 15.641281953778357 18.492633326250914 -20.226562927416424 -16.706709871331576 -11.216288471413796 -13.842623021840614 29.096408216823168 -1.8318494266901897 -4.167651896503635 24.20594187124316 14.136122710285573 -15.325247234918747 -9.041607911285174 -3.3881853313304493
203 2436 0.9703248587921781 0 0.007232967751415256 -0.4073653957761888 13.506550559967911 22.49938836232377 -21.38852405094074 -20.125299128308487 -8.414602947912075 -16.99735765743963 30.74157275669796 -0.5061106202104124 -5.385273856548818 26.63797534718219 17.511047359806323 -17.953584578680303 -11.901765996467436 -2.649294204149936
204 2448 1.0047450045999786 0 0.007456973295463556 -0.31754733897290854 13.978292389747692 21.10294641730637 -21.13799134533756 -19.399464213300032 -8.07526310607228 -20.081914684113258 31.455493021219116 1.4227611040569907 -4.571975098321526 27.253117021277347 17.056536311021652 -17.45885757151817 -13.000495648475036 -3.1580159628967275
205 2460 0.9768587482328771 0 0.007289532190198009 -0.3500525015103126 14.072711297176038 23.316414754908084 -22.183270170562867 -20.103861683295865 -9.131416491279712 -19.480171764740792 31.50999105258898 0.8645611584670397 -6.12883227967466 28.920263030367046 19.169359815042373 -18.704048795551735 -12.515529014461508 -3.845242687729323
206 2472 0.9656540505546642 0 0.007250654554322462 -0.4406392034652419 15.594362799414794 20.539336137332793 -21.78715590484093 -16.946802851590412 -12.418670008228716 -16.235607442205534 31.331452205767945 -0.8027199017774028 -4.910625982336075 26.7940661115561 16.863559731554957 -18.1314368644412 -11.463041699563322 -2.501546546096758
207 2484 0.9434037088562339 0 0.007248296453602084 -0.44212848664104043 15.864008017378385 17.73496999361625 -20.883588200035575 -15.12544605020311 -12.507548883397401 -12.012422848619675 29.035777088722078 -1.6951447770500958 -5.178184985035227 25.324136587912353 12.779512820282228 -15.21378760967007 -10.772854931239303 -1.541527715275239
208 2496 0.8916448778177999 0 0.007279575077441115 -0.4643925698934448 16.72989667980456 18.743575926348637 -21.264175956786936 -17.58795337746442 -11.435060281975543 -13.939268864970003 30.327690137446243 -1.8852566416309822 -4.22748829571614 26.130716148287643 14.092955195909965 -16.530520682257002 -11.186528139790717 -1.807283513131268
209 2508 0.9146080099950327 0 0.007124487291070685 -0.3687572202885496 12.981257837338719 23.4959008951445 -22.144653312184584 -18.24649211715144 -10.980079912162026 -16.901690495029563 31.673313019273152 -0.36170872198577775 -4.318324714095175 25.223259248481693 18.355693557976778 -21.04814351358723 -11.65518616592971 -0.5754537674176836
210 2520 0.9517002038824637 0 0.007243301131607581 -0.29643072332231857 14.099688548971937 22.897257185026795 -21.36020827164415 -18.801331957236812 -13.111776644031615 -16.91065575593032 32.823425916787386 -0.7574443868525523 -5.425122401858066 29.764196147682625 16.73044761057355 -21.520152133101316 -10.999287379179359 -1.689075569490834
211 2532 0.9226451672271159 0 0.007266084331294173 -0.3896255962671495 14.471672060029157 21.617283954071194 -20.518785257099914 -18.70004590331045 -11.352408844403378 -18.8909511827524 32.585509610655 0.06463243070310065 -4.910866492977883 27.1126145199345 18.093223391025102 -20.324585460532166 -11.652844160422523 -1.856431034134145
212 2544 0.9293089159013681 0 0.007212845724871385 -0.31758522029984765 13.213904000622522 23.91082078264301 -22.41301923640374 -17.987079164509016 -11.732909208400912 -17.836143419022243 33.11684482978169 -0.7863166727387894 -5.554374862498388 27.70627389251012 17.79792416161357 -22.702091387469807 -11.04772732391375 -0.06675436090187636
213 2556 0.9230465124826436 0 0.007363138099328675 -0.2904360222493504 13.59993108769196 24.935351897211547 -22.97298053376504 -17.996046581599202 -13.035935112405031 -17.41142861085319 32.614719171794036 -0.9476562778325683 -5.534886250473777 27.50993714729013 18.934356284858776 -22.447104136498307 -10.200742333452624 -1.2515202448842595
214 2568 0.9087548817662712 0 0.007147662653312986 -0.2530310727483016 10.991897387556643 26.385404453739262 -23.3642601314427 -18.075705974804894 -11.668158208549759 -20.021426436954787 35.03557821761996 0.8259689284099465 -6.1194185896437805 27.78064516582167 20.43350395096837 -25.391203494436706 -10.47253515231224 -1.210083737179132
215 2580 0.9269635916827998 0 0.007150237484936795 -0.2881953094525675 12.566116816160987 25.492240372405547 -24.039634296459088 -17.143896421184145 -12.705804455774617 -19.11764779245594 34.2488769263894 0.8914451282887683 -6.165558460190804 27.02660113059061 21.467262691831426 -23.959242439610826 -11.90108986274535 -1.2026512450279685
216 2592 0.913162881952579 0 0.007213752092421321 -0.3473376277523109 14.42595356228053 20.814630435747723 -23.300373317852006 -14.887974136650133 -13.669579205887107 -14.796951609166213 32.854701245818426 0.01638875313763477 -5.713410258601097 25.230957051531117 16.7606377460306 -19.767306156697785 -10.44099723208125 -2.013212755640121
217 2604 0.9302313032848362 0 0.007321608242949085 -0.23915713135883349 13.364678193911828 25.29757769352802 -23.362737013792817 -17.317173254087415 -13.722489094146832 -21.889966779970266 35.72571410635234 3.494899495936978 -8.468574040297002 27.97864884011658 23.502381792092905 -25.475161046672984 -12.206375708006462 -1.2136486593343567
218 2616 0.9123988163078438 0 0.007194961360486455 -0.33658583390878427 13.895720740653811 23.14055852279763 -23.566788920061757 -16.35061789159788 -12.69039456910378 -17.251981965030136 32.238088414986095 1.8364645011538319 -7.235840763296426 25.34029744125565 20.18386941901143 -21.083293230746257 -11.442114359131287 -1.381558778468738
219 2628 0.8976857657138 0 0.007243649927830581 -0.31720714020532115 12.828013436266808 24.39191402081039 -22.725463007684553 -17.433534416614552 -10.491094577393724 -20.665572520909134 32.88068044924787 1.3166575225667079 -6.091838786437834 26.366319929402014 19.713958371740667 -22.749497047218888 -12.054268817444122 0.21399848081978456
220 2640 0.8817705731683181 0 0.0071516500895375 -0.4588513330761089 15.18681931528863 22.372862436522308 -23.781151468493295 -16.53835762019345 -12.072699849390254 -18.30731995874412 32.59083125313101 1.5310119476714668 -6.6943442853269906 26.997849910871217 19.679328017330317 -22.95355788610812 -11.3614320692947 -0.6929324199968926
221 2652 0.8696888071888945 0 0.007265393521197487 -0.4177191304391706 12.526838466292224 22.040582413030293 -21.832509013983906 -14.87698182599738 -13.007718896417309 -17.651018802845634 32.19343401719232 2.3275793702559566 -6.805440742897948 24.721982106820377 18.31339870657462 -23.114861748083587 -9.027738525384304 -0.6647651147535044
222 2664 0.845177260211068 0 0.007062961646711909 -0.299844177073846 11.32257419986591 23.902347837266937 -22.369541051596705 -15.931010719857344 -12.478291322523823 -16.74797149914169 32.296481558095 0.9683030326228912 -5.308111674993568 23.332528612469773 19.68946151434213 -22.759855112953918 -9.24587082920707 -1.6526469506257606
223 2676 0.870501883510055 0 0.007162283891260819 -0.3909137897531238 14.505138967056475 21.737398459183662 -24.481527156209573 -15.781880534971311 -11.986475268036155 -16.447418163463624 32.98940911644869 1.2804581284892027 -5.040030605408378 24.263845813792198 18.62676418925364 -22.033444913712028 -10.272549434013602 -1.8188085914596963
224 2688 0.934761609031 0 0.0071255948984368786 -0.3248177744514479 12.554692964375581 22.522653337353738 -22.417813768361324 -15.515709300993933 -11.87497500812637 -17.090811995134786 32.54664572619202 1.0169034333836735 -5.6235285636108605 21.93426938393658 19.799959098581596 -21.877983213777522 -8.927243158028709 -1.8231332395960524
225 2700 0.9901189168441402 0 0.007025873717326039 -0.3621279877648672 11.395087391678551 24.77762190555454 -24.929446808939577 -15.163154491197314 -11.185410972129237 -17.737287833236643 33.32448136376559 2.1017949860501277 -7.159431952849983 22.72633288686138 21.810454498802688 -24.70632826270341 -8.668354611270416 -1.594445621068142
226 2712 0.9633792732850532 0 0.007032601226282274 -0.2909533436350332 11.342370291426835 25.210515503744706 -24.141046680864765 -16.82331137879492 -11.441856775353557 -18.69510101967629 34.45246644861542 1.0024076830591133 -7.139447339511832 27.3604829919436 21.133149903251713 -25.711602937761718 -11.21674465324606 -0.35969992625843705
227 2724 0.9826385110841135 0 0.007167239286247442 -0.3660050896184555 13.312907499461554 24.441740516934594 -25.427265148024834 -17.79002210534493 -11.05691414034913 -19.36716425161477 36.75973958402239 1.0005956465542836 -7.93041507548182 28.49469696272168 20.994922222644558 -26.47452686860946 -10.876983867758927 -0.7379451732967225
228 2736 0.9812935046028766 0 0.007106687621066387 -0.4088561679084433 14.112709452171284 21.124088582841146 -22.81721694161827 -14.674735177681978 -14.119815241677795 -13.117030572998715 31.89523005498051 0.1584137061929538 -6.571544506884826 22.007630309315505 19.9749521247712 -22.970438210382195 -8.486341922284076 -0.9034254481980047
229 2748 0.9474204322310694 0 0.006979239891547733 -0.2537818867374977 11.640048596599659 25.373875878212605 -24.64675897104963 -16.827672757053307 -11.521631773251453 -18.602943685256104 35.00595709285997 2.3263073339996785 -8.906582283140608 26.08941130887782 22.56146246609457 -26.43881635754675 -11.202555646461898 0.2433602709734919
230 2760 0.9414692803034252 0 0.007092880977457699 -0.39505433228101766 14.411999671441713 25.364879134978427 -26.156430437956566 -17.859766333875697 -10.01873646802461 -22.180141243499953 36.59097528630256 2.9159007973604405 -9.098727569125383 28.597086320799463 22.717604396260636 -27.928955208183346 -12.628855426149233 1.2078457976596535
231 2772 0.9018934398168766 0 0.007051398421957781 -0.3236660173950056 13.65777355681812 23.9187999117559 -25.161191972082143 -15.792904031321019 -10.398983432054647 -19.278590702532643 33.931631190309105 1.340160484253402 -7.436487716232083 26.603783861944432 19.863451868158304 -26.255270602969873 -9.73085946337942 0.4060988685277961
232 2784 0.8866933049462322 0 0.0070098260554259315 -0.35526495016708354 13.735503337392913 25.303171738756173 -26.877591034957536 -16.46278642055887 -12.140978097394953 -20.245046952817656 36.475594362366515 3.8224649339272574 -9.585709514319756 28.597406405005948 22.615629070762573 -28.634772050650362 -10.582867827243431 -0.41541821819037006
233 2796 0.8365812126781699 0 0.007108385572331823 -0.3729927657540871 13.311610167775678 23.649692463638768 -24.869000475076742 -16.211763365609585 -11.449630658610404 -19.782439817632746 34.96485055050651 2.688321797481311 -8.180801912888406 28.831007933373307 20.920897799954112 -27.324998759873655 -11.87646619858656 0.7417889163123839
234 2808 0.8040511413658403 0 0.007079639682713222 -0.40973686286632094 15.067590214151425 25.143586855006724 -27.031989147998353 -17.21682341602261 -10.271103952692616 -20.61994626806465 36.12057060742816 2.0064134963746763 -8.301664824700715 28.04574502941041 21.42039724318684 -28.61108816144426 -10.99414261014392 1.4440872520704748
235 2820 0.7677399406679826 0 0.0069584948174805684 -0.24103252437895975 11.774354884941411 26.180083479325493 -25.717531448559054 -16.647603432908056 -10.790005261075983 -19.917048770469535 36.613760882113645 0.7947035095405786 -8.549020873517367 27.51470119762268 21.635537748601784 -27.902644840386223 -10.077763300715278 0.329210904027572
236 2832 0.7400140869975957 0 0.0069483803295908525 -0.3386060695838656 13.821667622915731 25.195536086867417 -26.353894936657948 -16.308650512521268 -11.567390317373222 -19.010302372789386 35.85495128126128 1.3244129939692968 -7.840339363505717 26.042122531801574 21.46066794927781 -27.50134239827104 -11.0207104398699 1.6839480244857605
237 2844 0.714208873527417 0 0.006892024953217334 -0.24788116368639146 11.805011868630306 26.124249798824437 -26.07441676964011 -16.159079427883338 -11.418742995382036 -20.84246818354283 37.79740694382058 2.929675863015208 -9.174736302625327 25.85094290857501 22.698871173225 -28.948117937169705 -10.92564894110577 1.5292450344447412
238 2856 0.6957287112498659 0 0.006898245386871206 -0.29186741511579684 11.299679189194709 26.53283199909414 -26.184769486826475 -15.754388764744267 -10.274086085428078 -20.516397982905367 35.74406580143971 3.0888213241074927 -9.65761270554094 25.251306487627623 23.1120175040655 -28.683063112626936 -9.438367266349536 0.6480218356722648
239 2868 0.704707078732865 0 0.006866946947183393 -0.28980867111087966 10.992806466252006 26.284793650264856 -26.103538430534435 -15.510973027949776 -10.85726447218122 -20.99384846550602 36.99228992724689 3.736673406960056 -10.213926472474663 25.510044178754214 23.645398819476398 -29.72595123633561 -9.333100585762638 0.5648023519870906
240 2880 0.7555702398415355 0 0.00680681926419076 -0.29674765937883324 10.36212111878353 24.113533866743474 -24.208319076847584 -14.247965555884448 -10.777785861158758 -17.372071389776856 34.09938884010388 2.9673589537530916 -9.79581309951015 22.656967195569216 21.371445664817234 -26.95305313026267 -9.08737725342169 1.5532153830947828
241 2892 0.7491813855817253 0 0.006796665690492153 -0.257505422901642 10.748341384114 27.049985142942298 -27.0575226355269 -14.68264057357524 -10.78461592120655 -21.038469196708743 36.67271693032128 3.7511161901593315 -10.21116286374578 24.57270403391822 24.01907878181357 -30.006229924158006 -9.408627292704704 1.3506817199239745
242 2904 0.7739095221253175 0 0.006850950758898529 -0.32069398447441555 13.271745597199352 26.351232154533484 -29.255881975621506 -14.13316008338277 -10.78448683122123 -21.17482271013908 36.19911451873975 4.663645409900916 -10.852965695349484 25.637247127508882 24.096155520561364 -29.02124599750802 -10.729088694769867 1.2895567615361605
243 2916 0.7678276378097469 0 0.006748545840289988 -0.25208541593195155 10.663853331285685 27.58778648795611 -28.80983291725199 -13.511982887693376 -10.35043215815363 -21.18758180659424 36.45226600158451 5.0573620494508456 -11.451244883243529 23.631176693476142 25.278437845269856 -30.68384969999353 -9.756465778123324 2.0321183788753596
244 2928 0.7210801699363747 0 0.006808423806009764 -0.277329855845607 12.184364394211105 27.427416843495568 -29.197367650477215 -15.423550643552053 -10.435458147156332 -20.59489068452481 37.25505018973467 2.871367221259258 -9.845944271351042 26.763236400883372 24.095166558178185 -31.048797088181225 -10.664305118097216 1.9100573629007518
245 2940 0.6673228401772153 0 0.006750238477986347 -0.31332156759901164 12.234075226109352 26.287833722083406 -28.685047158010686 -14.605443364772261 -9.706843719350507 -19.794527884291632 35.982231991307195 3.2093336686519547 -10.26090753756447 24.97453052359155 23.15751427734985 -29.294995174337938 -9.577401557328177 1.3350008204521606
246 2952 0.6573150159870601 0 0.0067491345626431165 -0.34275182380135627 12.89857097603702 24.582420137155893 -27.45400657650397 -14.264717480612584 -9.96259356779826 -18.79710268509503 35.78210370637544 2.457746145072786 -9.156680507984003 23.438281450000478 21.23633022958606 -28.82348458842632 -9.773525651706757 3.1866143004141527
247 2964 0.6514233365190789 0 0.006684348803145113 -0.31711738902093783 11.876007740514018 26.072893643992586 -28.039077401968267 -14.772912578497793 -9.522026207575538 -20.038695864678544 36.97248141536861 2.4287236009226403 -9.956908273337168 25.220797592768516 22.117701262829513 -29.67650292139978 -11.043047996766667 3.509309334243451
248 2976 0.6212870487005621 0 0.0067544172098539 -0.2632227259817957 12.01507691980608 26.67568045038103 -28.328406022104144 -15.703833427484433 -9.394210779856092 -21.19763963473192 38.274699528651816 3.139859610470057 -9.765468425474664 24.058475394828292 23.339345321665956 -30.82961094338561 -10.029162399315716 2.9602173552986444
249 2988 0.5921127660806893 0 0.006735822789971995 -0.28165282645814776 11.618350384019156 28.507000926246985 -28.602269513939987 -17.42715589113466 -8.803568319833161 -22.684123084938673 38.79973952659814 2.6836578971842004 -9.518338859642066 27.49576920934293 23.859824243071444 -32.33726877749047 -11.010075964671136 2.719216530304856
250 3000 0.6166179901934797 0 0.0066989214983809095 -0.31341351837388143 11.502280037925791 27.604077278814245 -28.335174299741777 -16.697044421994445 -7.966832662669756 -20.835273424911524 36.409798501531924 2.192953751329631 -8.182279191901303 24.652685848165 22.947667179004856 -31.013952403441113 -10.353905965756852 3.2694930686452026
251 3012 0.6168998467246061 0 0.006620437495621134 -0.28936798662469504 11.437057983570007 25.504858372009025 -27.825199769624835 -14.172730010882464 -9.254927614008569 -18.492475417632235 35.427223304151596 2.286224814147801 -7.81909406257556 22.549873279978385 21.06090925097894 -29.667025248411935 -9.486387631490075 3.436850198927209
252 3024 0.6135870977293849 0 0.006631834766090504 -0.2819616336688473 10.14715630535071 27.94933703570924 -28.88052979217985 -15.030180884372816 -10.089540392416442 -19.162161427817413 37.558770120165946 2.425209473368514 -8.760722059360283 24.196367243425193 22.160097276349216 -31.16379097698535 -10.34373250735969 3.709110386401345
253 3036 0.6085515667879027 0 0.006576584053007765 -0.3073932527041661 10.949471642499482 26.362122224564004 -28.96136756335743 -13.888789063790748 -8.428073425895956 -19.285973482638926 36.131108980504955 2.126172732509592 -8.88983286905421 25.160023959093134 20.290772459371507 -31.289761610502275 -10.273119473763185 4.8406296329610985
254 3048 0.6260899482160598 0 0.006618440486647364 -0.25275632715615814 10.331701809941576 26.81109073793022 -28.674049535286407 -13.679476499025247 -9.61063583027095 -19.119340282217994 36.27597247878779 3.016344852125258 -8.937187343130383 24.5678626084168 20.84254531316725 -31.713639682431662 -9.46015138457504 4.041610827151964
255 3060 0.6354122412983848 0 0.006572690907275405 -0.2967204386924541 10.394686600781776 27.149030222843532 -29.333119898638177 -14.824468258019813 -7.750540931919294 -20.815985363021806 37.84063461811962 3.24924198699023 -9.832006000479364 24.803274769600055 22.38653711322491 -32.742634307738264 -10.109069797469372 4.284749798746219
256 3072 0.6298654637322547 0 0.006603042418357945 -0.301630270362646 10.688207175617881 25.313424919928075 -28.098606407676325 -13.425037563664182 -8.750785724706924 -18.162805612920884 35.84635121288147 2.506193401816889 -9.204794318597811 23.496876635133763 19.85653402064932 -30.025126915533633 -9.51148332938916 4.145008311538292
257 3084 0.6082102270063352 0 0.006501591562457636 -0.33772195019614026 10.792493340794902 25.687103061145578 -28.9364850326186 -13.504837813941718 -8.035419588194337 -17.768448251786197 36.10363861222793 1.236319867315707 -8.728344842412959 22.551878377714054 19.80430591918396 -29.757675872648598 -9.13834921738908 4.428942774187362
258 3096 0.6244059013258189 0 0.006516496264770707 -0.2827721316861558 10.804957761727021 26.328400190393808 -28.868031926681176 -13.54095718899347 -9.647936754202615 -17.557644619567796 36.82377383568754 1.334037882597049 -9.60352191571719 23.723901898477514 20.38095050506658 -30.599193826413746 -9.43921314038006 4.668451185133228
259 3108 0.6884831252894156 0 0.0064174578605644675 -0.2736016171806846 9.04796743918787 27.44630399490321 -29.671059582557888 -12.239913384660586 -9.080517957095095 -17.957065812713395 37.65705357891624 0.9324013024842867 -9.828748268265754 24.31903184475776 18.84519510597395 -32.32125466858604 -8.638378493143065 5.884985309995989
260 3120 0.7516921847788863 0 0.006352346809702866 -0.22917700790329704 8.600401469155464 27.067608958585843 -29.32827839133098 -12.557017173563267 -9.03773054448473 -16.020301155371182 37.285935824001314 0.7004409316726777 -9.074342995835773 21.456811110350525 19.938589726084103 -31.597104727512896 -8.544019262514324 5.357703617511007
261 3132 0.816904107670359 0 0.006291151934413713 -0.2988359289296969 8.848636319331803 27.38849493684574 -30.494037671464348 -12.385957111128507 -8.393633142540603 -16.289659947740223 38.59920253781876 -0.1953728280385082 -9.972929629445451 22.607727403386004 18.953564755752957 -32.13894503500051 -8.365980889909553 6.137413412790088
262 3144 0.8457601617552164 0 0.006195290025840479 -0.17456496254311876 7.045675184199603 28.940491581653607 -30.192511956101043 -13.207320860789185 -6.282461776013751 -18.01415833926515 38.09144137405153 0.5707560158330067 -10.082223630522323 21.462446596510325 21.078262185880625 -33.68263383803346 -8.03193797389154 6.263011460305253
263 3156 0.8574659844987175 0 0.0061759700352694655 -0.12850075975425423 6.544541611611972 29.55189359646697 -30.492605712721186 -12.857764090870658 -7.24599679839712 -18.274604090215774 38.62187074754878 1.1867754613701393 -10.494255466526441 20.962057365679783 22.648487618143616 -34.28283105146314 -8.549803755219745 6.473153263924683
264 3168 0.8904806977011609 0 0.006154427747207751 -0.2696562834346306 8.592336024745048 25.142822435749192 -29.344172540519256 -11.14481978330979 -7.1620911529796185 -15.147325089718635 37.15515564164646 -0.43848181138864306 -10.279905508145168 19.584432889143976 19.066973586558156 -30.51156585217496 -7.153632489204145 5.652405644123612
265 3180 0.9815367179445522 0 0.006035744667388413 -0.25870327727712983 8.076535389157366 25.935119298123315 -31.49366496851487 -8.562476367087537 -9.08207671420109 -12.713875101144403 38.625084624621906 -0.6611398205166178 -10.64366869911611 17.51929523659683 17.85201636383143 -32.72293015551837 -7.037530818021377 8.877727497810277
266 3192 1.0743255405009637 0 0.005847830717845751 -0.21329257044482378 7.972075495020956 28.806140318747936 -33.763270653208615 -10.352300888316124 -7.002488770501205 -17.40301537597457 41.62652615478693 -0.0800238320576786 -11.704017781132395 20.1243396446948 20.308121520027075 -35.61414413430954 -8.499894515791945 9.66321122460111
267 3204 1.0194645999618428 0 0.00598564494523177 -0.2082846410109902 7.456757910013565 27.1157450741854 -31.34872149605781 -10.021311830661208 -7.862795899751481 -14.94869075567015 37.18681955367093 0.34748695962594345 -8.684528059973404 18.624211206915547 18.4991409777246 -32.038000336863796 -7.660686214921733 7.142471545471741
268 3216 1.006943126347598 0 0.005905094326027566 -0.1900083002123807 6.948915667411286 28.59005808146579 -31.565271018829797 -11.428987782487585 -7.075388841208222 -15.125590494569513 38.97735722301694 -0.588800253060235 -10.20072776546695 17.279778036713196 19.79857376406948 -32.044378602504224 -7.824398817610438 8.10693082588118
269 3228 1.037761899080576 0 0.005812998522536753 -0.16466634788078272 5.460982049722028 30.13789002307594 -33.16875835992064 -11.476419614018443 -5.626945994810888 -16.213370215871294 40.77166155880995 -0.2934574268385285 -9.655481026206028 16.04528890336925 20.498709024180744 -33.80670636989701 -7.844570383567226 8.633619683523033
270 3240 1.127344930742779 0 0.005420062393565165 -0.06641711746556495 4.787604218948679 30.849510430870957 -35.35499396326899 -8.979091313750274 -6.154126419928657 -15.02752507494423 41.93418910756994 -0.9620971536495893 -10.741360422177468 15.922477109419637 19.017377284033355 -37.06688167084929 -7.614059751065698 12.610864936702733
271 3252 1.1997369638911646 0 0.005441030694859498 -0.08755420738734325 4.914482298013875 29.67041096710872 -32.88782264215787 -10.174140422033258 -6.275636767620598 -14.205170137243421 41.85049190728868 -2.4534574629263304 -9.778869087213533 14.696849369931138 18.586506121695685 -34.46235176425054 -7.391066082500188 11.184671496017764
272 3264 1.2694418766620215 0 0.0053516117082960035 -0.13796942485919328 4.159914908931248 32.06894639198196 -37.280237967449395 -9.228669623900863 -4.169224469175859 -14.635721847718036 42.50731105139889 -1.8989688272135967 -9.032629280585944 12.144638821469059 18.467567220713452 -35.55952316857926 -6.748403096179651 12.328181616739963
273 3276 1.349013946762758 0 0.004880391531826499 0.007066450919624212 1.934521597221503 32.47080799231949 -36.907651071919545 -7.078951817596526 -5.085999919095871 -15.31452642378026 45.37598358981306 -1.356216478156889 -11.650294891247755 9.858634890453176 20.694071811838445 -38.48148964424882 -5.399986797819897 13.429530887565436
274 3288 1.3282556764946574 0 0.005157993436546128 0.044725533579744015 1.743858419834247 29.587879629118163 -35.18967363828369 -2.8629897381363065 -8.640020271861054 -9.77839063135267 39.732018315248546 -1.5756166442185446 -11.606805430336854 8.263676093349472 18.99434553662392 -33.02545460421538 -4.546997235965772 11.116622042610134
275 3300 1.4110305191729513 0 0.00482784493406021 0.05948283789795539 1.5229370513182214 30.472382858406085 -37.34355527275511 -3.229763340004721 -6.066000998484778 -9.857838897238782 43.91637748944324 -3.7959743499535463 -10.84717394081821 6.264197667586564 14.934052296824749 -36.281970292530495 -3.851729621309155 16.370077574275626
276 3312 1.425731879570016 0 0.004125137336355375 0.09580850859022151 -1.5515503919096574 31.813271206572296 -38.09132588752781 -2.573984310401349 -3.6461247251761453 -9.249508949758818 44.38770591549459 -3.324870288591307 -12.655605361932498 1.8306458489601836 16.39623359520951 -34.908161769353 -3.3304391061991305 16.307473991187873
