1.000000000000000048e-04 2.906051619342992609e+00 7.462119819026813428e-01 1.436073027852281747e+00 1.410829786450314760e+00 2.409332433385497074e-02 6.139939433975893923e-04 3.709153843587331689e-03 -1.294460527052412879e-03 3.142570116364562516e-02 1.279459685050776674e-03 2.178039037871642991e-02 -5.501273989189520153e-02 2.967891727365936649e-01 -5.351913518991966434e-01 9.543745599019025317e-04 8.933750230847316287e-02
1.151395399326446927e-04 2.860722503238625869e+00 6.988723163291101770e-01 1.364958626022871213e+00 1.322403944448146795e+00 2.563399484389794480e-02 7.368417313359243437e-04 4.000960575745893255e-03 -1.272189925989306025e-03 3.308435479737814600e-02 1.205367363498355271e-03 2.360494800229695489e-02 -5.079617646067179082e-02 3.064897739743315253e-01 -5.228070936938105095e-01 3.636680441961381328e-03 7.412584225106703950e-02
1.325711365590109543e-04 2.815405728981031697e+00 6.586280524367921219e-01 1.308744557998403835e+00 1.246856327363375705e+00 2.729566618448603377e-02 8.940427551678564733e-04 4.318183834072841787e-03 -1.251820952761883987e-03 3.485989265135536197e-02 1.151260142898680172e-03 2.614203360893901928e-02 -4.664551928313108442e-02 3.158794264026344445e-01 -5.090709612371046022e-01 4.933524249824835194e-03 6.407245802265681967e-02
1.526417967175233259e-04 2.770324102867665061e+00 6.244195241115695350e-01 1.266716265313918344e+00 1.181035820270940784e+00 2.908113496268388554e-02 1.071826646856594012e-03 4.666986511230430956e-03 -1.229507452258457589e-03 3.674532391650664476e-02 1.111022581747167504e-03 2.828035986310167837e-02 -4.300222704272022023e-02 3.248707472090531789e-01 -4.941991141595850068e-01 5.655341068586110242e-03 5.779131852221603555e-02
1.757510624854791170e-04 2.725517322797724074e+00 5.944487582232559353e-01 1.238632415751813820e+00 1.124100495485785611e+00 3.099065793148558789e-02 1.266470151572163250e-03 5.049239129196692044e-03 -1.211296513348857073e-03 3.873956456544158655e-02 1.090102566206563317e-03 2.991495798307713949e-02 -3.997435589083222357e-02 3.334714075036346870e-01 -4.785649375008670381e-01 5.894428576734326262e-03 5.400134138166334807e-02
2.023589647725157589e-04 2.681196838693734374e+00 5.641250926612668692e-01 1.223304323506445579e+00 1.082280689395135109e+00 3.301849624366737235e-02 1.425823533246772801e-03 5.477156013369621768e-03 -1.203517031224531075e-03 4.083481205164418704e-02 1.028231719495176222e-03 3.126187635942873078e-02 -3.730603537237335565e-02 3.418424717767015730e-01 -4.624912367226028387e-01 6.105220955743916912e-03 4.880768069883391347e-02
2.329951810515371805e-04 2.637384376323162360e+00 5.350509620256458376e-01 1.221403075342442968e+00 1.049932598530862737e+00 3.516589939286773880e-02 1.547203870220559274e-03 5.952690748948608057e-03 -1.212797163812409651e-03 4.303053129517608877e-02 9.237437726121178194e-04 3.235494070724337368e-02 -3.489195915358409006e-02 3.500848868970291017e-01 -4.458210154938854197e-01 6.235027687244114672e-03 4.349911980376581361e-02
2.682695795279724476e-04 2.594164003900461424e+00 5.091953271630039746e-01 1.234246661261282352e+00 1.018495848476023369e+00 3.743142390222492510e-02 1.633470266189929188e-03 6.497803876925334343e-03 -1.261760471277802165e-03 4.532139767855858370e-02 7.648154326440614881e-04 3.330068004701974838e-02 -3.256661292586237461e-02 3.584611086702909066e-01 -4.283162187443461111e-01 6.268431070720082224e-03 3.967181908221596026e-02
3.088843596477481527e-04 2.551560515699526466e+00 4.856781521167745641e-01 1.261118092261666934e+00 9.820269772796574870e-01 3.982648473418481938e-02 1.675470149689939348e-03 7.049611997319960022e-03 -1.328185468408182857e-03 4.771595411720908064e-02 5.754847871185519992e-04 3.405999944634308108e-02 -3.032459936431707720e-02 3.668684233087414759e-01 -4.105069411107938326e-01 6.217020373943566401e-03 3.686609060461188553e-02
3.556480306223128661e-04 2.509599140891932478e+00 4.637532165071666101e-01 1.301809107355178963e+00 9.380345387151233227e-01 4.235414178804519647e-02 1.671334622949022242e-03 7.560114271729201363e-03 -1.407078063365894971e-03 5.020537728988849757e-02 3.766318389149536650e-04 3.462309337997493408e-02 -2.816141756988261441e-02 3.751541695227437190e-01 -3.927431014729541592e-01 6.047944115574644883e-03 3.465683609043487129e-02
4.094915062380427508e-04 2.468315423913098439e+00 4.422539326639124968e-01 1.355955018492741582e+00 8.893711185159632882e-01 4.504059339772775727e-02 1.597829467800016001e-03 8.107519750108815870e-03 -1.462992208397947969e-03 5.287559229861948928e-02 1.838154797281776887e-04 3.499154103999518872e-02 -2.598801321550247428e-02 3.844380513026034452e-01 -3.753661775630095510e-01 6.086277759868033259e-03 3.255440885733468931e-02
4.714866363457394672e-04 2.427712402325765240e+00 4.210862448528221447e-01 1.423415028768741042e+00 8.375259875883908078e-01 4.789331366448362770e-02 1.452527053360908038e-03 8.703536492151719983e-03 -1.484257969507851715e-03 5.575168050733947389e-02 1.465493068023016043e-05 3.517161650060213196e-02 -2.380730015382700321e-02 3.947170717208153823e-01 -3.586138022321409546e-01 6.353607011376051841e-03 3.045711151395184141e-02
5.428675439323859403e-04 2.387743918408224975e+00 4.011382559420967331e-01 1.503558397812429392e+00 7.741246897837354979e-01 5.095521483434201082e-02 1.274214129943732066e-03 9.386648087601701107e-03 -1.435538982956133247e-03 5.905295167943280799e-02 -1.122443418009322347e-04 3.526360047455268099e-02 -2.200751087594812055e-02 4.033746393990121915e-01 -3.417970480025358526e-01 6.428561308584479321e-03 2.867200099971633012e-02
6.250551925273975734e-04 2.348387102320955488e+00 3.820577280180124102e-01 1.594760490544748555e+00 7.053377733669865535e-01 5.425861882146287840e-02 1.071538590392259738e-03 1.015403625715427527e-02 -1.310693900552002689e-03 6.273289354146038832e-02 -1.870994471893372424e-04 3.527563526439142505e-02 -2.051531149610450605e-02 4.105281640533186005e-01 -3.249129270673927206e-01 6.372404207167801926e-03 2.704047344363377792e-02
7.196856730011521675e-04 2.309572722275872181e+00 3.635766358785286201e-01 1.694368883930322145e+00 6.381482642538304217e-01 5.786287214154184344e-02 8.629408661428861205e-04 1.098327016996020200e-02 -1.159094632399902680e-03 6.675717155153770843e-02 -2.477665381384885901e-04 3.524445607586629281e-02 -1.937188316215548295e-02 4.155169660940215559e-01 -3.074495584179327556e-01 6.258801326906005338e-03 2.571516118777497986e-02
8.286427728546842068e-04 2.271337215556608058e+00 3.459199706961187948e-01 1.797933073006341420e+00 5.770645929332395285e-01 6.185468967407886653e-02 7.165830880065393593e-04 1.197364937573081045e-02 -8.301396807884886542e-04 7.101790912098437936e-02 -1.808658096041915186e-04 3.517307215238224538e-02 -1.824551761460532773e-02 4.201191315065782028e-01 -2.900762778330903124e-01 6.047430101503004259e-03 2.473241740672309924e-02
9.540954763499943534e-04 2.233683502841355306e+00 3.289489556794900627e-01 1.902288016649845925e+00 5.213202772176038780e-01 6.629607483904109699e-02 7.256939172376880576e-04 1.321516338060824136e-02 -1.816803400257541168e-04 7.542725486775037069e-02 1.455492417572479269e-04 3.506902486917523598e-02 -1.682295858235231117e-02 4.257318112086013739e-01 -2.732669519568579064e-01 5.727973869072462351e-03 2.400751060148542324e-02
1.098541141987558400e-03 2.196685734288134739e+00 3.130908018498047563e-01 2.004993449735332334e+00 4.718001852409516306e-01 7.124663100199635224e-02 7.133753846192275594e-04 1.453771611306603484e-02 4.205133818923796618e-04 8.004122211560438238e-02 5.778067293672195515e-04 3.494190035771210789e-02 -1.546271661467520792e-02 4.303743647380635640e-01 -2.570325180831006806e-01 5.217025855255588707e-03 2.331562484684581577e-02
1.264855216855295715e-03 2.160359142346439221e+00 2.982326008119254857e-01 2.105514952847052701e+00 4.273401137522174764e-01 7.671529760119794039e-02 6.444353030430755025e-04 1.591814324213158827e-02 8.821673442042203550e-04 8.486754986269084977e-02 1.085921038826487273e-03 3.479091040879289665e-02 -1.425412340907782419e-02 4.338180042770034550e-01 -2.413071011501616847e-01 4.520400786895952851e-03 2.287525171199299504e-02
1.456348477501244378e-03 2.124768531205242450e+00 2.835482339955216480e-01 2.204919381213297669e+00 3.857407874870817932e-01 8.262935522867614901e-02 4.856455467324855002e-04 1.735972497538579296e-02 1.159102321058695650e-03 8.995269323481064339e-02 1.551038267477017341e-03 3.452956214373470445e-02 -1.330042022227230156e-02 4.368136614232921433e-01 -2.261871807747988239e-01 4.104105861430898221e-03 2.251634616463276534e-02
1.676832936811008387e-03 2.089886636778342410e+00 2.689103658428349530e-01 2.302838545246236102e+00 3.527675463927992805e-01 8.893381826859464434e-02 2.505936105514777745e-04 1.890294494622801746e-02 1.320227417617819005e-03 9.533611385627405177e-02 1.920592288084971289e-03 3.422874677965193069e-02 -1.251282444079887882e-02 4.392256045319101743e-01 -2.114730824142506405e-01 3.888985899011146528e-03 2.211418539704611622e-02
1.930697728883249645e-03 2.055685659097348683e+00 2.544796379090471516e-01 2.401250317650158284e+00 3.292460342654914274e-01 9.547436464437430992e-02 -8.790577109937802724e-05 2.065299596330588683e-02 1.539167098646945786e-03 1.010784585245643741e-01 1.991745703567415759e-03 3.407769421897388629e-02 -1.162179965122341410e-02 4.406562962078498513e-01 -1.967104472715614505e-01 3.777269112706165780e-03 2.186241065726403712e-02
2.222996482526195736e-03 2.022064289211034094e+00 2.409054177577455991e-01 2.489413722921670402e+00 3.241005711624331820e-01 1.022795720491102012e-01 -4.603984101919089689e-04 2.257944996142652316e-02 1.740399217905457679e-03 1.073616461393115951e-01 1.680105010706117730e-03 3.395628867277111773e-02 -1.067351857293324935e-02 4.417490464017018725e-01 -1.821002756467193229e-01 3.716552809729335802e-03 2.186462296014471396e-02
2.559547922699535825e-03 1.988934505919132345e+00 2.278774653941089690e-01 2.558364682243282839e+00 3.028155002281870400e-01 1.093206187992075695e-01 -8.090187731591494402e-04 2.468029651314496142e-02 1.906687386700762349e-03 1.144250649828131294e-01 7.126072051936299667e-04 3.379958717023096026e-02 -9.689595645125753665e-03 4.426500358456443296e-01 -1.675258441897166661e-01 3.668101774664294951e-03 2.202517508457559753e-02
2.947051702551809708e-03 1.956332697014812272e+00 2.162392065064994151e-01 2.616224206212616199e+00 2.820170227437128752e-01 1.167424380035106957e-01 -1.173662947933473699e-03 2.692533578467010136e-02 1.884801149395712999e-03 1.216295418116605798e-01 -1.600852960845777773e-04 3.363598642204607136e-02 -8.576650766480675703e-03 4.450971951998125009e-01 -1.538982966950086517e-01 3.547940999186200654e-03 2.200550651002718128e-02
3.393221771895329857e-03 1.924269027649759600e+00 2.058747170265479709e-01 2.664071453832157932e+00 2.591501164691561443e-01 1.245776234560457274e-01 -1.564786627264586061e-03 2.931276187023079682e-02 1.646727139411188062e-03 1.288851220549040999e-01 -8.648794816137200803e-04 3.347228843142929788e-02 -7.335712491089114995e-03 4.494439335672644198e-01 -1.412161338165656699e-01 3.334206195109535448e-03 2.177519424557845459e-02
3.906939937054616958e-03 1.892982336078212091e+00 1.961808772479244345e-01 2.703361738998359520e+00 2.348943198277512467e-01 1.330186832997240498e-01 -1.865460585694908580e-03 3.196121877494878527e-02 1.239021758940781620e-03 1.367438239253928600e-01 -1.648270078091540469e-03 3.346546911966319371e-02 -6.382514472699104408e-03 4.561658895047046025e-01 -1.292383936954070722e-01 2.882653201686987635e-03 2.111194539755851737e-02
4.498432668969444201e-03 1.862538821228059138e+00 1.875839665940923495e-01 2.734359509219411066e+00 2.093647295324295721e-01 1.421172032673739816e-01 -1.988769325223599393e-03 3.489718879934639029e-02 7.566765492925710268e-04 1.452562744974513764e-01 -2.392961982128752330e-03 3.363083117111598241e-02 -5.638327509948526384e-03 4.651977385458023750e-01 -1.180918926972806537e-01 2.266223600348241541e-03 2.030995470319845245e-02
5.179474679231212825e-03 1.833140068419793378e+00 1.807254197101701987e-01 2.758211866006374358e+00 1.861954455819890830e-01 1.520710936709788463e-01 -1.619494149053143928e-03 3.817972938715480380e-02 2.741198153758152289e-04 1.545971215307738178e-01 -2.815199467855744597e-03 3.404927746485519879e-02 -5.019592136273724747e-03 4.768204251285368955e-01 -1.083340128914820760e-01 1.650199402710971321e-03 1.966948473734408259e-02
5.963623316594642357e-03 1.804839151717607448e+00 1.756910118391523667e-01 2.774504985860168027e+00 1.666400687266494929e-01 1.627637530673841926e-01 -7.765553156137069979e-04 4.192220621672132497e-02 -1.715396287274330300e-04 1.649156620097197434e-01 -2.572308184336874470e-03 3.466819563282846905e-02 -4.454395194833919713e-03 4.897136399974937881e-01 -1.001283229540880920e-01 1.045156606308592952e-03 1.936423761741078858e-02
6.866488450042998112e-03 1.777705814340383661e+00 1.721635560558101297e-01 2.783256351062659117e+00 1.509792672160396587e-01 1.739226180828475354e-01 5.577445779148607063e-04 4.619519012868572583e-02 -5.470628568529194158e-04 1.762648730972930511e-01 -1.149657365379141982e-03 3.547883554846648080e-02 -3.933647755103783505e-03 5.028157826833805633e-01 -9.246198104295999531e-02 4.393240182844387388e-04 1.955534016925687679e-02
7.906043210907700777e-03 1.751789858031411518e+00 1.685009977035207829e-01 2.783431601575428349e+00 1.393981853977233343e-01 1.868863751184585698e-01 9.541796375784616924e-04 5.119958305791566522e-02 -7.619644953021954825e-04 1.892853762447305743e-01 4.401529215211918977e-04 3.636258386306334689e-02 -3.485432043680698061e-03 5.162903347157841161e-01 -8.530814794740892992e-02 1.293074295599358806e-04 1.970672652804380393e-02
9.102981779915217050e-03 1.727107965448127613e+00 1.641839731575882588e-01 2.774862150044652420e+00 1.356247879444966997e-01 2.019142266763930271e-01 -5.237241789141783288e-05 5.698017618741429979e-02 -7.593404022438916823e-04 2.041088128276559721e-01 2.034377610009172055e-03 3.729492238222775757e-02 -3.060382179671066599e-03 5.301498020885356821e-01 -7.836694087990382640e-02 1.761382065781277049e-04 1.994970249637265797e-02
1.048113134154685273e-02 1.703752463217196089e+00 1.606642201493900246e-01 2.760566329600861124e+00 1.342862511369074530e-01 2.183944932810497896e-01 -1.257472541037134295e-03 6.343513280541218657e-02 -5.374237122598470029e-04 2.201442450352001368e-01 4.015140635969749461e-03 3.829244166622192136e-02 -2.979236290565519252e-03 5.468735475869694884e-01 -7.269911721980590324e-02 6.342964865634353891e-04 2.000374435605717371e-02
1.206792640639328847e-02 1.681741841466589227e+00 1.574115297323718798e-01 2.740601584470428342e+00 1.316902676015173357e-01 2.365436214462611486e-01 -2.674044620900754843e-03 7.045226773299656520e-02 -1.633807364653898364e-04 2.376396273306931595e-01 6.053503906537527346e-03 3.950383879785190899e-02 -3.016866291674448475e-03 5.669838951047392328e-01 -6.756187116634179701e-02 1.159859179318486122e-03 2.010314301162413955e-02
1.389495494373137359e-02 1.661180872498956518e+00 1.506227976403611279e-01 2.715933591822299764e+00 1.253457936888159319e-01 2.567822757776673792e-01 -4.644127065801376131e-03 7.766657557742634443e-02 1.842972812932802684e-04 2.571257492992121696e-01 7.495432120503693618e-03 4.140581276527505183e-02 -2.531192989213757599e-03 5.925765651394002687e-01 -6.127512509837636234e-02 6.229645941732639153e-04 1.893838285154697196e-02
1.599858719606057217e-02 1.641936295425339809e+00 1.438243804779347768e-01 2.685154192466012724e+00 1.193572415535045228e-01 2.796240510536457391e-01 -6.365348338658552430e-03 8.518033946297082215e-02 5.596041918141149429e-04 2.790094146813046350e-01 8.701290807122591398e-03 4.382995926841448675e-02 -2.114565963955858385e-03 6.228247868785594665e-01 -5.433207365904305780e-02 -4.528610396075364209e-04 1.816499523496944643e-02
1.842069969326716461e-02 1.623973998634635985e+00 1.377901334833385172e-01 2.647431992894222486e+00 1.132596856420066828e-01 3.054700108621894450e-01 -6.912084008575233168e-03 9.297027474706190397e-02 7.289304187375958421e-04 3.033964367566540088e-01 9.829992110299348718e-03 4.667630562357144575e-02 -2.149637273613766442e-03 6.575990713816981525e-01 -4.618559625605917623e-02 -2.040862806432878866e-03 1.837584791020675096e-02
2.120950887920190417e-02 1.606952748332304948e+00 1.316949735372383856e-01 2.601477236862831166e+00 1.124669224631803938e-01 3.349749004169555455e-01 -7.036393485510699514e-03 1.012927420441265547e-01 8.083684380427794136e-04 3.322628483256136467e-01 1.095988242511616861e-02 5.016488550414333059e-02 -2.299801919725254912e-03 6.958361640459556074e-01 -3.991318766042432908e-02 -2.764948712256495682e-03 1.852305431254810605e-02
2.442053094548649744e-02 1.590788822310530204e+00 1.243226889588570361e-01 2.546935186302070164e+00 1.199475922069823675e-01 3.683216411752401886e-01 -6.973376376096449003e-03 1.102071391038152715e-01 9.352470145973686144e-04 3.660824188829614467e-01 1.163864064014223654e-02 5.434134892004915951e-02 -2.427710292972059397e-03 7.372735601027718966e-01 -3.546250788524608205e-02 -2.301153740602655817e-03 1.806891834668321664e-02
2.811768697974230749e-02 1.575168016170775287e+00 1.171832076468105194e-01 2.486491029640843564e+00 1.260482655459385648e-01 4.059319752305156070e-01 -5.956858707028535316e-03 1.199096929299429404e-01 1.248678625053845082e-03 4.047733064186829766e-01 9.793079756769386413e-03 5.932381167525677124e-02 -2.475451532886998457e-03 7.804951593565594425e-01 -3.015335398039294124e-02 -2.065953710478731550e-03 1.794252940578616382e-02
3.237457542817643447e-02 1.560097899196016380e+00 1.101710796826544381e-01 2.421072694716483120e+00 1.342529033015319173e-01 4.473054430221816702e-01 -4.321418927177179264e-03 1.304129113505142490e-01 1.350929717884905013e-03 4.474908425623155828e-01 6.329012901206645947e-03 6.517335407775615153e-02 -2.568332880654382311e-03 8.259908637776820495e-01 -2.470326180773166347e-02 -1.879599560993519027e-03 1.738587176486946009e-02
3.727593720314938130e-02 1.545542572083943966e+00 1.036093899612278157e-01 2.356120187280772438e+00 1.228918399554665974e-01 4.911395046954560861e-01 -1.644464513056727306e-03 1.417181886734582563e-01 1.233953045166377022e-03 4.916881760456623396e-01 2.223557066318652964e-03 7.198498858163970837e-02 -2.797588503884113412e-03 8.752730218901014769e-01 -2.141317462140131939e-02 -1.281647868885260524e-03 1.660475291361803579e-02
4.291934260128778267e-02 1.531572602123358662e+00 9.728127487724623490e-02 2.283609481004460040e+00 1.135313148672207062e-01 5.366104690169182234e-01 6.711598535814773669e-04 1.540653255514338738e-01 9.678512345811188938e-04 5.369653061250165837e-01 -2.050408583142968033e-03 8.018165078823452641e-02 -2.908308329307534440e-03 9.279416482263004307e-01 -1.821674977036366605e-02 -4.063840395447936319e-04 1.568866817153680149e-02
4.941713361323833015e-02 1.518341324472995302e+00 8.950734238211086047e-02 2.197861404801443985e+00 1.111765296966798489e-01 5.827091421608007193e-01 7.533135499223631015e-04 1.677295485913511963e-01 7.172473457791612300e-04 5.829455097283484655e-01 -3.057864349947345822e-03 9.018829008283218984e-02 -2.935030353911056641e-03 9.863701585885369383e-01 -1.249541199529381405e-02 8.499527604997306370e-04 1.472870517349008160e-02
5.689866029018292998e-02 1.505307307266029904e+00 8.810148335699352629e-02 2.094792655510467227e+00 1.086382056511527999e-01 6.294815536387448063e-01 9.901955224021086882e-04 1.823584676492381318e-01 7.061995826628166689e-04 6.270243384803549924e-01 -1.840824609249589600e-03 1.019564162987246503e-01 -3.211644617809455982e-03 1.036754676663268926e+00 -1.089222945444151547e-02 1.635985800273112058e-03 1.478982758405596870e-02
6.551285568595509312e-02 1.492338872126097726e+00 8.673219802223879060e-02 1.972943483478049043e+00 1.016059983620012930e-01 6.768664823281200782e-01 1.962040869776884161e-03 1.978628347794686160e-01 1.160841317695027533e-03 6.684809678354665108e-01 -1.080701264518587473e-03 1.155101083814724927e-01 -3.284794786471789338e-03 1.075629503163584744e+00 -6.736547651658684327e-03 1.735828455516659138e-03 1.592381199680020440e-02
7.543120063354614990e-02 1.479666262045960856e+00 8.141922715679962563e-02 1.828797090456429908e+00 8.228479680656052009e-02 7.246611517554401027e-01 2.234599803021370193e-03 2.159454643005864760e-01 9.173334911300231459e-04 7.080199161214449921e-01 -1.115911766339468258e-03 1.303237510513822750e-01 -3.442816632195635704e-03 1.105939016479328574e+00 -3.621107408948803785e-03 9.190323300996633893e-04 1.504578981460611906e-02
8.685113737513520948e-02 1.467067443862011933e+00 7.605632207591291050e-02 1.665052707183172664e+00 7.019163919958561204e-02 7.729086809360399268e-01 2.632184566432160810e-03 2.362269267061525013e-01 6.591315587753197175e-04 7.462538002564987893e-01 -1.809542377258981788e-03 1.465592044397492633e-01 -3.910815628155301857e-03 1.127803464297723046e+00 -2.163644186741874725e-03 -5.170461293543338402e-05 1.330416744770090282e-02
1.000000000000000056e-01 1.453523781400000159e+00 7.275140534180765672e-02 1.486650900000000108e+00 6.906649307998630194e-02 8.219631450000000061e-01 4.472744027894770547e-03 2.579254300000000111e-01 3.332937874284975371e-04 7.856684999999999919e-01 -2.671446105093899792e-04 1.654803099999999638e-01 -3.591407057756365248e-03 1.138711483999999885e+00 -2.740669875090178537e-03 2.390608399999999932e-03 1.207505639463098135e-02
1.000000000000000056e-01 1.453523781400000159e+00 7.275140534180765672e-02 1.486650900000000108e+00 6.906649307998630194e-02 8.219631450000000061e-01 4.472744027894770547e-03 2.579254300000000111e-01 3.332937874284975371e-04 7.856684999999999919e-01 -2.671446105093899792e-04 1.654803099999999638e-01 -3.591407057756365248e-03 1.138711483999999885e+00 -2.740669875090178537e-03 2.390608399999999932e-03 1.207505639463098135e-02
1.163265306122449050e-01 1.436257699431471968e+00 6.600913866769045346e-02 1.278363607352488662e+00 5.851715503791719841e-02 8.760245558745264338e-01 7.629865271835317708e-03 2.832269254732402985e-01 -1.758261191725733058e-04 8.293545442242232779e-01 4.533990903847666745e-03 1.891290223954812943e-01 -3.207517653019667861e-03 1.151017244962964980e+00 1.037318243192690559e-03 2.021799069942414612e-03 1.029101446289395344e-02
1.326530612244898044e-01 1.415413753481877368e+00 6.242141770875467982e-02 1.093272570071426530e+00 6.495189916810374664e-02 9.207873942133834033e-01 1.087930043521478582e-02 3.053929728929584142e-01 -2.117451617313862583e-04 8.665748494692329107e-01 5.263570222115704703e-03 2.130861595075765058e-01 -2.462179552547698672e-03 1.159271728947077085e+00 2.573872010971296406e-03 2.194705307789258843e-03 1.011183417614163436e-02
1.489795918367347038e-01 1.390723868801176488e+00 6.004590985567208328e-02 9.445472028682869725e-01 6.800362366808562764e-02 9.555260855881660964e-01 1.311758721701782038e-02 3.238159043446356411e-01 -2.168866785661948890e-04 8.997274462522860672e-01 6.573654107431214921e-03 2.373766657780576605e-01 -1.248902758435248284e-03 1.159782281727252728e+00 3.152171299635436741e-03 3.357213460984731675e-03 1.035859280245138986e-02
1.653061224489796033e-01 1.361917477796027676e+00 5.855238285923737573e-02 8.244352867442255040e-01 6.036562576446031364e-02 9.811175998983059365e-01 1.436268096786381260e-02 3.408284603992981499e-01 8.299497311290288115e-04 9.262887531129980756e-01 7.024598183513044991e-03 2.626463541241408350e-01 -1.215334683369711719e-03 1.153505937395747249e+00 4.939946258408016086e-03 4.568155960819259183e-03 1.030152646918971841e-02
1.816326530612245027e-01 1.328624546252491712e+00 5.909126204572044683e-02 7.266001875331934423e-01 4.804631794363146274e-02 9.982561169995157746e-01 1.670857810347954955e-02 3.529769485411317631e-01 1.813881046560281499e-03 9.465454900669407756e-01 7.708172608863731248e-03 2.861035556266112168e-01 -1.197192788463815639e-03 1.141451524305949761e+00 6.268876466634652408e-03 5.220820476545198416e-03 9.887806050869172442e-03
1.979591836734694021e-01 1.291182364995507870e+00 5.799461876770821422e-02 6.460934389251358212e-01 5.956328597727415797e-02 1.005614729418596198e+00 1.927636214968469694e-02 3.625207622508588856e-01 1.753782301094962068e-03 9.579642078598071819e-01 5.947898850618089928e-03 3.058368520521582146e-01 -1.459083957057752401e-03 1.123688166046398207e+00 8.248278204087602233e-03 5.934829898366457586e-03 9.809191509951561971e-03
2.142857142857143016e-01 1.250364307046662793e+00 5.729005890456270039e-02 5.754064633997411082e-01 5.481677133626022824e-02 1.004729452204575324e+00 2.069043281326496744e-02 3.667695907052059834e-01 2.146097855119245834e-03 9.635234739688496308e-01 3.361656410241223129e-03 3.219613004354836550e-01 -1.747063702520791628e-03 1.100877192739575072e+00 9.326223083890011062e-03 6.531736775880660727e-03 9.816070343834169126e-03
2.306122448979592010e-01 1.206927192547645911e+00 5.632383651387896928e-02 5.137991377127972825e-01 5.361156055870076875e-02 9.964514094860162929e-01 2.040614599634831342e-02 3.692429999459841961e-01 2.928125248630514786e-03 9.633955920550227869e-01 1.826650838476845222e-03 3.344292412524122460e-01 -2.023823820231218130e-03 1.073872463500070706e+00 9.320583008029778571e-03 7.073477024250686418e-03 9.873718139427525159e-03
2.469387755102041004e-01 1.161434662449474020e+00 5.575873697984527755e-02 4.552507567815178291e-01 5.065601192147932419e-02 9.817668338111157356e-01 1.840051143596008881e-02 3.696344609371332579e-01 3.230467079454401279e-03 9.575494535041556565e-01 2.250644860223596777e-03 3.450778886737556617e-01 -1.786909755980518356e-03 1.043560859401786445e+00 8.268252049006056398e-03 7.675799938353641827e-03 9.943834213998184110e-03
2.632653061224490276e-01 1.114255548834317322e+00 5.499105653975491781e-02 3.996382053409509028e-01 4.755273215299854472e-02 9.616221603847134869e-01 1.591738512518598228e-02 3.687094707430881857e-01 3.658556769999159360e-03 9.455629882815539400e-01 4.706934512374225804e-03 3.532490117204427071e-01 -1.842688617728312390e-03 1.010507768078387603e+00 6.727057482457301368e-03 8.223640364209331907e-03 9.997248271147583798e-03
2.795918367346938993e-01 1.065729549351170924e+00 5.406308092778352309e-02 3.411444192178936241e-01 4.570775803372454510e-02 9.368664327965776639e-01 1.306867091356006538e-02 3.648377142879627444e-01 3.339683048581209776e-03 9.277487215459292447e-01 8.390992685674466753e-03 3.575574858304151338e-01 -1.747100400113369215e-03 9.743783295117218746e-01 5.463220273594844231e-03 8.723184340334453474e-03 1.011600243934571673e-02
2.959183673469387710e-01 1.016247959667206491e+00 5.288154012402173504e-02 2.941440729953202493e-01 5.179924323811337800e-02 9.077384819671754368e-01 1.086561841248540050e-02 3.614681618638949656e-01 4.009541118659402763e-03 9.047705543775533821e-01 1.166704002588283065e-02 3.589366151255772852e-01 -1.904646522060764700e-03 9.364607041507967411e-01 5.229266156563059167e-03 9.354520468648605883e-03 9.985168140465173342e-03
3.122448979591836982e-01 9.661707426172632118e-01 5.305346802331420419e-02 2.601290037822677204e-01 4.622670247373922986e-02 8.753125791436111580e-01 1.014237327275376715e-02 3.562591328441856442e-01 3.252942299916778898e-03 8.792659459325451454e-01 1.373745204075244551e-02 3.576319049134298877e-01 -2.463442409355897852e-03 8.954439656483303978e-01 6.817122484342049218e-03 9.938869133245136628e-03 1.003625880427465485e-02
3.285714285714286254e-01 9.157971486255552795e-01 5.662310358643761476e-02 2.302641998343407104e-01 4.244869960571524825e-02 8.405443498693302429e-01 7.664957427717792628e-03 3.452605536981402379e-01 2.300327065724727324e-03 8.482835465847984313e-01 1.393058433297254296e-02 3.543977802625193352e-01 -2.605198663765615798e-03 8.529476078765321212e-01 1.228989874997294014e-02 9.944464743138389448e-03 9.923830319159009788e-03
3.448979591836734970e-01 8.653596641887024710e-01 5.083797877077313176e-02 2.048947603867307399e-01 3.692175416096520058e-02 8.034485871899764708e-01 8.234582604494007640e-03 3.396375617630511545e-01 3.377340007886578920e-03 8.103442551639935543e-01 1.622016117467551741e-02 3.490851536982226833e-01 -7.624224416734248430e-04 8.094105788772453236e-01 9.422659712189892026e-03 9.973770093789352878e-03 9.734503659314653473e-03
3.612244897959183687e-01 8.150424664509627881e-01 5.361559377675658572e-02 1.820567154916601094e-01 3.491710247794299615e-02 7.645300106285628505e-01 6.934557417598144480e-03 3.341288504450065644e-01 2.697371197079972624e-03 7.660321149119501127e-01 1.350631075750425951e-02 3.420271078042709800e-01 -2.663121160636718401e-03 7.652022029235848732e-01 1.475014803148823675e-02 1.038996123676954632e-02 9.343466147424542984e-03
3.775510204081632404e-01 7.650336795089378583e-01 5.504084064016197264e-02 1.654109241587360668e-01 2.958093259719593235e-02 7.234981658492036782e-01 8.142519083330676533e-03 3.264499482306293388e-01 3.058979013150607204e-03 7.174059443946417813e-01 8.934531421016229588e-03 3.324091991918894928e-01 -5.429737640515337402e-03 7.209794008570916679e-01 1.343544728946480075e-02 1.022449502788700705e-02 9.067401904482772640e-03
3.938775510204082231e-01 7.155107322841964823e-01 5.815762181981395940e-02 1.480349508988084706e-01 2.827395372375652097e-02 6.797301550560850281e-01 7.301918226727460715e-03 3.176871303691626847e-01 2.507018641180281358e-03 6.693607196533725157e-01 5.868688883468267670e-03 3.205915700716052696e-01 -7.710384988422315164e-03 6.761035453466663903e-01 1.424031491769873342e-02 9.687755045023086972e-03 8.708677675773364088e-03
4.102040816326530948e-01 6.666148092756788435e-01 5.388739088185211246e-02 1.325798271673375717e-01 2.828630531659322850e-02 6.347498261678146125e-01 7.564475821368022400e-03 3.051681204691203964e-01 3.199912002429109933e-03 6.220495054927962508e-01 7.117667135200277453e-03 3.076833015555935913e-01 -9.268378632880202098e-03 6.303581793950283618e-01 1.208802642013349048e-02 9.162324623002576079e-03 8.366970908929851139e-03
4.265306122448979664e-01 6.184808244113076947e-01 5.672644041609450211e-02 1.182493409930097245e-01 2.916021507299379825e-02 5.902870051375984639e-01 6.476244337488319333e-03 2.916682104815467858e-01 2.974320558817333468e-03 5.735828503298960879e-01 5.598590526945397550e-03 2.931440885295590881e-01 -9.289541957659729413e-03 5.824717232695867386e-01 1.567762681743947381e-02 9.151804666231467059e-03 8.160535659671936878e-03
4.428571428571428381e-01 5.712833756315996991e-01 6.581076428913901211e-02 1.066391781871470490e-01 2.847724416602226416e-02 5.469390334167323342e-01 6.503510318900787394e-03 2.806805010781118770e-01 2.902858707303770588e-03 5.234709192018245361e-01 3.726986947742665437e-03 2.776505733554623379e-01 -1.212442063030644800e-02 5.359270605702105561e-01 2.373088270821131773e-02 9.399011025721361323e-03 8.620527635960733084e-03
4.591836734693878208e-01 5.252968102940863693e-01 6.702217841793813025e-02 1.011350726109566528e-01 3.463682731939739246e-02 5.054220839413947619e-01 7.157137997245991562e-03 2.585982451427741302e-01 3.467688305903465773e-03 4.737391775997533694e-01 3.792968907112018173e-03 2.618972221858207328e-01 -1.416672222868416153e-02 4.926155228680057507e-01 2.277983998031588367e-02 8.823754218570113023e-03 8.056682849491073745e-03
4.755102040816326925e-01 4.808391912274195823e-01 6.858931665301323810e-02 9.174674898459940497e-02 3.317719061506606976e-02 4.655735881486708361e-01 6.151644386349899504e-03 2.413939489550236128e-01 4.081741466172366176e-03 4.275087629415363910e-01 3.444260923021804158e-03 2.451230091093854757e-01 -1.350860278242318330e-02 4.511776631645700864e-01 2.119289716436993654e-02 7.824004843225812814e-03 7.981915893287276631e-03
4.918367346938775642e-01 4.381130722623843288e-01 6.718507026803152704e-02 8.739403248853304385e-02 3.458909252220616903e-02 4.273494270197562561e-01 5.741698175921050237e-03 2.294557993863459988e-01 4.240931700175741906e-03 3.851674631693069450e-01 3.963425607039449544e-03 2.290377420641576400e-01 -1.413445531461066280e-02 4.101274867609975283e-01 1.857514540571357162e-02 7.016749592106577386e-03 7.892538800058142290e-03
5.081632653061224358e-01 3.972125375443600337e-01 6.965800777247084519e-02 7.986314864670505942e-02 3.453373395965902981e-02 3.907562983066515394e-01 4.228438900749689408e-03 2.219616674650559951e-01 3.788903873166361846e-03 3.463307418523625669e-01 3.472681758940058400e-03 2.135512008039863463e-01 -1.453468428403530480e-02 3.688274588658959630e-01 2.153776701042124306e-02 6.598559841394757187e-03 7.539189377298772046e-03
5.244897959183674185e-01 3.581097245266221529e-01 6.844653703788193544e-02 7.216510147179601431e-02 2.968070892373265643e-02 3.555452126726142970e-01 4.476964374474977013e-03 2.085937770482449993e-01 5.029172127092289973e-03 3.107052457833348602e-01 4.210241830234665722e-03 1.984985872720557709e-01 -1.397634559474913822e-02 3.299857352693796320e-01 2.057477160238923436e-02 6.900297183520782453e-03 7.420117289685977842e-03
5.408163265306122902e-01 3.211058522457649334e-01 6.801459714625253394e-02 6.645926254942295663e-02 2.713087028010289364e-02 3.216816336632508655e-01 5.101654155733479669e-03 1.932228583245677311e-01 5.421371354795442507e-03 2.776810767211733144e-01 4.434284480829685238e-03 1.841811580961135175e-01 -1.309493151133219596e-02 2.947601101555517578e-01 2.147811573443057787e-02 7.099558957836545926e-03 7.396966799181269384e-03
5.571428571428571619e-01 2.864888840811441462e-01 6.623243611783007079e-02 5.877459162780401120e-02 2.555514304330760988e-02 2.893248444780310846e-01 5.733630698988551912e-03 1.819244310888655236e-01 4.698266066874413546e-03 2.457190340297982223e-01 3.354360902640613970e-03 1.704403134171777467e-01 -1.406728234143836236e-02 2.622506614519226620e-01 2.184512970481299748e-02 6.790721355450353609e-03 7.098078746040513073e-03
5.734693877551020336e-01 2.542592546856339286e-01 6.508281122168510513e-02 5.338086792246633794e-02 2.502004244557643961e-02 2.586220812087101084e-01 5.062289292442913834e-03 1.686736884711234896e-01 3.290103082771974122e-03 2.181877137322736082e-01 1.503434250308174902e-03 1.562671367343420326e-01 -1.400188817532591751e-02 2.319658116797040648e-01 2.164059264137865174e-02 5.384298384279484137e-03 6.473503045793584446e-03
5.897959183673470163e-01 2.245039172586136000e-01 6.817903370165791233e-02 4.876099631660012895e-02 2.707226383643828588e-02 2.295356732539315381e-01 4.546381244334137504e-03 1.494528926901955990e-01 1.731732789425769262e-03 1.937577703554055342e-01 8.774567316059845440e-04 1.418647467121848249e-01 -1.070000414607550666e-02 2.038300728024848851e-01 2.499849853906035979e-02 3.669951832429759093e-03 6.640741958232684525e-03
6.061224489795918879e-01 1.971904898479003854e-01 6.724857957251778595e-02 4.207712352396885541e-02 2.305135101626111169e-02 2.020682303291666815e-01 4.700315925673483226e-03 1.353149002042534077e-01 1.073033203524085752e-03 1.712446205776504971e-01 1.392177204712607627e-03 1.278475110007968318e-01 -8.516135160069529877e-03 1.779961534041439308e-01 2.436415844152281518e-02 2.869011282850813822e-03 6.458241817368222566e-03
6.224489795918367596e-01 1.722555534350652118e-01 6.682717720305531017e-02 3.580485555936888109e-02 2.185199910362296480e-02 1.770966967495726796e-01 4.545380858232235186e-03 1.196382305481427932e-01 5.675822726855447864e-04 1.503386543935546216e-01 1.187608494908782078e-03 1.138655403828967849e-01 -5.058930938126255175e-03 1.545427884236979243e-01 2.516110110112216094e-02 2.511121700851877674e-03 6.031679775970608809e-03
6.387755102040816313e-01 1.496087563872702808e-01 6.578562391334155657e-02 3.021147633166515814e-02 2.208234850326066048e-02 1.543235307319828775e-01 3.719669291221451568e-03 1.099870114073757815e-01 1.099755908800202631e-04 1.307211636005658761e-01 -2.569527151626404410e-04 1.001273020151677018e-01 -4.123350891244225574e-03 1.335632662539781024e-01 2.590675883781437538e-02 3.022869112719256315e-03 5.836083715696130554e-03
6.551020408163265030e-01 1.292460451082127204e-01 6.357257318602752005e-02 2.484776981462179582e-02 2.198756275659718984e-02 1.327929417946560886e-01 3.262410228304992409e-03 9.857771370782425491e-02 -4.010140583726017754e-04 1.133059520694710415e-01 -1.572737721869544442e-04 8.643471418070733381e-02 -4.074131125049942556e-03 1.152348253417438545e-01 2.597207634522478992e-02 2.751824022379022617e-03 5.287353443280242218e-03
6.714285714285714857e-01 1.111797350094870934e-01 6.506130007688437633e-02 1.988113039811458330e-02 2.200991807516783014e-02 1.133598162492658462e-01 2.783517477014238982e-03 8.728924623054287735e-02 -5.498324803594051291e-04 9.865830665947733502e-02 4.856473648199733512e-04 7.191910637408532869e-02 -4.635433453179224617e-03 9.875996651570564944e-02 2.776972279037007857e-02 2.126691438879552924e-03 4.706042950694613002e-03
6.877551020408163573e-01 9.523361075388962760e-02 6.047832185377364361e-02 1.400636390703255754e-02 2.365106623106593212e-02 9.675785167022572797e-02 2.667898688008315394e-03 7.932002060431865564e-02 -1.006125028624939299e-03 8.358483896113802492e-02 7.396423703803483435e-04 5.815207638918958727e-02 -4.533647393946745041e-03 8.407398278488814602e-02 2.090721250125920222e-02 1.378634377812767509e-03 4.302552030458201351e-03
7.040816326530612290e-01 8.122659700001326477e-02 6.162435588265317843e-02 1.145974167737420432e-02 1.887010255106317397e-02 8.187050455239161528e-02 2.400835956446172731e-03 7.048546113961080828e-02 -1.296709283692231221e-03 7.082531695668828342e-02 5.281490075120173766e-04 4.612698979303683777e-02 -3.528400028220969945e-03 7.106167117549450074e-02 1.884473803010927595e-02 4.801378255429795180e-04 4.188115301054883347e-03
7.204081632653062117e-01 6.893218067535411553e-02 6.606274324296279588e-02 7.837588375768960586e-03 1.719052997285148640e-02 6.602299540318257165e-02 1.746335188707009989e-03 6.295347641224970092e-02 -1.016031134913187098e-03 6.232248730722956404e-02 -1.595583001111778448e-04 3.750154254323265907e-02 -3.197032357921831755e-03 5.909780060400191687e-02 1.396685124656719609e-02 -2.405201575052475134e-05 4.107351465178039722e-03
7.367346938775510834e-01 5.814267735253492858e-02 7.631079155029231453e-02 5.019045671291559423e-03 1.703959974523763451e-02 5.190213556870747202e-02 1.667785682315762671e-03 5.302574765414624913e-02 -9.547079292404926643e-04 5.817900121811786507e-02 -2.416162017449992316e-04 3.051268156801009712e-02 -1.996130669194155424e-03 4.837950241516492111e-02 7.232931761620698535e-03 -3.026026130038219253e-04 3.824171123570902983e-03
7.530612244897959551e-01 4.869566766134052205e-02 7.742097813387080474e-02 3.380609462740184409e-03 1.479054695636173103e-02 4.021748440642871486e-02 1.635198177865507946e-03 4.434534000993487629e-02 -4.222279995945016351e-04 4.997561476490473831e-02 -6.147511373023085979e-04 2.418628742139881244e-02 1.089112760743771516e-03 3.878217089483680657e-02 3.172534007081652396e-03 -4.110413969063750187e-04 3.709084790485463190e-03
7.693877551020408267e-01 4.044250240680334618e-02 7.505508510155267654e-02 9.324618436404591567e-05 1.621917485475198040e-02 3.209025564326395408e-02 1.754316217031409025e-03 4.040000792708368232e-02 1.790811079042664566e-04 4.429882453685759364e-02 -6.119451888814027296e-04 1.892921581226242669e-02 -9.156765312932045597e-05 3.091164592705523267e-02 -1.811811273991242865e-03 -4.659984273595200793e-04 3.625770725960355580e-03
7.857142857142856984e-01 3.327547602901389373e-02 7.594730521129608447e-02 -1.538774680937169846e-03 1.427911879458286688e-02 2.585250344320047869e-02 1.818274116936699838e-03 3.768412261083003284e-02 5.076365411593800059e-04 4.066132817562254087e-02 -4.103494689009987151e-04 1.498062986787362071e-02 -1.567888516314374855e-03 2.478933121691693359e-02 -7.057285602139504871e-03 -4.054769709337468055e-04 3.274674784559306398e-03
8.020408163265306811e-01 2.710706020503510574e-02 6.967577716341799565e-02 -3.292689738769052563e-03 1.302317972988607450e-02 1.859930309235167598e-02 1.440673587944269612e-03 3.027078564631083962e-02 5.499912192063957650e-04 3.414662672179843983e-02 -8.418719129241747368e-04 1.205208052239571496e-02 -7.717307690063845982e-04 1.955018661238028949e-02 -9.803192065236304709e-03 -2.850385614523395263e-04 3.066331520608849698e-03
8.183673469387755528e-01 2.182777327792014693e-02 6.432099519023265488e-02 -4.768501625455401523e-03 1.556994705567193819e-02 1.346632027765258706e-02 1.215897313679950575e-03 2.510188890796036243e-02 6.099389384973605277e-04 2.826004328751220360e-02 -8.105932931825078624e-04 9.719048837170184835e-03 -8.520002326649605412e-04 1.531750868718114930e-02 -8.836503694312693169e-03 -2.277311817526648716e-04 2.897488817883252590e-03
8.346938775510204245e-01 1.732718253187195967e-02 5.710674947523330935e-02 -5.230190570117304073e-03 1.414505616898533748e-02 9.667061410177868463e-03 1.098713889135851177e-03 2.109925377869088445e-02 3.205401471248325168e-04 2.465244783664412298e-02 -4.693055364111756167e-04 7.902985505951989897e-03 -8.459919359694485774e-04 1.191668445291303551e-02 -7.980204458145706559e-03 -2.518029966257508655e-04 2.439864690347969683e-03
8.510204081632654072e-01 1.350721403879344071e-02 5.190565017544805648e-02 -5.504081810805650996e-03 1.310886165854219070e-02 6.733249885862054029e-03 9.985308212159260677e-04 1.750471058246003825e-02 3.773376656582864627e-04 2.128855753071882961e-02 -1.004985303370321825e-04 6.098078701810978955e-03 -7.748156400943020938e-04 9.051946361661511453e-03 -8.472351544024037118e-03 -2.539742218870363779e-04 2.011351503123325751e-03
8.673469387755102789e-01 1.028418426810574250e-02 4.576728749949458830e-02 -5.565775093366548236e-03 1.283554913783929025e-02 4.661214622425208925e-03 8.824090909300211227e-04 1.371875731792381557e-02 4.023935127803295042e-04 1.742398657884901975e-02 -1.376806251658334312e-04 4.597830936409629324e-03 -7.584395675897092487e-04 6.748583785838472258e-03 -9.243666320254941698e-03 -2.282090620477647091e-04 1.617226165581661483e-03
8.836734693877551505e-01 7.589738733240949248e-03 4.101680475501470746e-02 -5.301125605810848816e-03 1.208554103662637380e-02 3.395664268329615099e-03 7.578399836952638691e-04 1.135151875260490516e-02 2.739934372502006096e-04 1.527690382772810447e-02 -2.119651147850891426e-04 3.303316269833258753e-03 -1.187778836739436863e-03 4.891974298810318825e-03 -1.233570620581838501e-02 -1.624589630119514685e-04 1.292898474252045194e-03
9.000000000000000222e-01 5.365500585267322931e-03 4.142048728873987118e-02 -4.864826018318149127e-03 1.070561871116822161e-02 2.906583183801734593e-03 3.342223288867705866e-05 9.921337035406383245e-03 -3.139617846961637038e-04 1.476776805162933331e-02 -8.138580850603621686e-04 2.478024997064359140e-03 -1.682045282580753136e-03 3.465658109240731845e-03 -1.309887794038555250e-02 -5.209738777082163698e-05 1.235071236380816525e-03
